--- multipoles on reference trajectory (rz > 0) ---
effective_length:                   -20.0 mm
perpendicular_grid:                 41 points in [-12.000000,+12.000000] mm
max_fitting_error_normal            0.042/2711.884 G/G
max_fitting_error_skew              212.267/212.267 G/G
r0_for_relative_multipoles          17.5 mm
main_monomial                       n = 0, skew:False
                                       Nn(s=0)      Integ_Nn     Nn/N0(@r0)   |    Sn(s=0)      Integ_Sn     Sn/S0(@r0)  
<multipole_order n>                    [T/m^n]      [T.m/m^n]        []       |    [T/m^n]      [T.m/m^n]        []      
n=00:                                3.9015e-01    -5.9238e-02   +1.0000e+00  |      ---           ---           ---     
n=01:                                2.0018e-03    +2.8547e-02   -8.4333e-03  |      ---           ---           ---     
n=02:                                2.0110e-01    +7.7343e-01   -3.9985e-03  |      ---           ---           ---     
n=03:                                2.5045e-01    -1.0497e+00   +9.4970e-05  |      ---           ---           ---     
n=04:                                6.1124e+03    +3.6238e+02   -5.7374e-04  |      ---           ---           ---     
n=05:                                2.9912e+04    +3.1693e+03   -8.7812e-05  |      ---           ---           ---     
n=06:                                2.6338e+07    -1.1048e+06   +5.3570e-04  |      ---           ---           ---     
