--- multipoles on reference trajectory (rz > 0) ---
effective_length:                   -20.000000000000004 mm
perpendicular_grid:                 41 points in [-12.000000,+12.000000] mm
max_fitting_error_normal            0.014/1217.225 G/G
max_fitting_error_skew              94.962/94.962 G/G
r0_for_relative_multipoles          17.5 mm
main_monomial                       n = 0, skew:False
                                       Nn(s=0)      Integ_Nn     Nn/N0(@r0)   |    Sn(s=0)      Integ_Sn     Sn/S0(@r0)  
<multipole_order n>                    [T/m^n]      [T.m/m^n]        []       |    [T/m^n]      [T.m/m^n]        []      
n=00:                                1.7316e-01    -2.6258e-02   +1.0000e+00  |      ---           ---           ---     
n=01:                                1.4357e-03    +1.3691e-02   -9.1245e-03  |      ---           ---           ---     
n=02:                                1.3408e-01    +3.5655e-01   -4.1585e-03  |      ---           ---           ---     
n=03:                                1.6219e+01    -8.6032e-01   +1.7559e-04  |      ---           ---           ---     
n=04:                                9.1335e+02    +8.1737e-01   -2.9195e-06  |      ---           ---           ---     
n=05:                                8.1868e+04    +1.2540e+03   -7.8386e-05  |      ---           ---           ---     
n=06:                                3.0276e+06    +1.2004e+05   -1.3131e-04  |      ---           ---           ---     
