--- multipoles on reference trajectory (rz > 0) ---
effective_length:                   152.39914347985888 mm
perpendicular_grid:                 41 points in [-12.000000,+12.000000] mm
max_fitting_error_normal            0.077/3781.398 G/G
max_fitting_error_skew              259.687/259.687 G/G
r0_for_relative_multipoles          17.5 mm
main_monomial                       n = 0, skew:False
                                       Nn(s=0)      Integ_Nn     Nn/N0(@r0)   |    Sn(s=0)      Integ_Sn     Sn/S0(@r0)  
<multipole_order n>                    [T/m^n]      [T.m/m^n]        []       |    [T/m^n]      [T.m/m^n]        []      
n=00:                                4.7712e-01    -7.2349e-02   +1.0000e+00  |      ---           ---           ---     
n=01:                                7.3140e-04    +3.6922e-02   -8.9308e-03  |      ---           ---           ---     
n=02:                                1.3025e-01    +9.5422e-01   -4.0392e-03  |      ---           ---           ---     
n=03:                                1.9118e+01    +1.1977e+00   -8.8723e-05  |      ---           ---           ---     
n=04:                                1.6682e+03    +3.2351e+02   -4.1937e-04  |      ---           ---           ---     
n=05:                                5.7000e+04    -1.0249e+04   +2.3251e-04  |      ---           ---           ---     
n=06:                                1.0258e+07    -8.3155e+05   +3.3013e-04  |      ---           ---           ---     
