--- multipoles on reference trajectory (rz > 0) ---
effective_length:                   151.54749075374124 mm
perpendicular_grid:                 41 points in [-12.000000,+12.000000] mm
max_fitting_error_normal            0.009/1296.241 G/G
max_fitting_error_skew              72.335/72.335 G/G
r0_for_relative_multipoles          17.5 mm
main_monomial                       n = 0, skew:False
                                       Nn(s=0)      Integ_Nn     Nn/N0(@r0)   |    Sn(s=0)      Integ_Sn     Sn/S0(@r0)  
<multipole_order n>                    [T/m^n]      [T.m/m^n]        []       |    [T/m^n]      [T.m/m^n]        []      
n=00:                                1.2968e-01    -1.9554e-02   +1.0000e+00  |      ---           ---           ---     
n=01:                                8.9405e-04    +1.0694e-02   -9.5710e-03  |      ---           ---           ---     
n=02:                                4.8143e-02    +2.6145e-01   -4.0948e-03  |      ---           ---           ---     
n=03:                                1.1010e+01    -1.0828e+00   +2.9678e-04  |      ---           ---           ---     
n=04:                                5.3454e+02    -1.8843e+01   +9.0382e-05  |      ---           ---           ---     
n=05:                                6.0477e+04    +4.0895e+03   -3.4327e-04  |      ---           ---           ---     
n=06:                                4.1795e+05    +3.2392e+05   -4.7582e-04  |      ---           ---           ---     
