--- multipoles on reference trajectory (rz > 0) ---
effective_length:                   -20.000000000000004 mm
perpendicular_grid:                 41 points in [-12.000000,+12.000000] mm
max_fitting_error_normal            0.084/2858.061 G/G
max_fitting_error_skew              212.083/212.083 G/G
r0_for_relative_multipoles          17.5 mm
main_monomial                       n = 0, skew:False
                                       Nn(s=0)      Integ_Nn     Nn/N0(@r0)   |    Sn(s=0)      Integ_Sn     Sn/S0(@r0)  
<multipole_order n>                    [T/m^n]      [T.m/m^n]        []       |    [T/m^n]      [T.m/m^n]        []      
n=00:                                3.9030e-01    -5.9036e-02   +1.0000e+00  |      ---           ---           ---     
n=01:                                3.1678e-05    +2.8648e-02   -8.4922e-03  |      ---           ---           ---     
n=02:                                4.1332e-01    +7.7635e-01   -4.0273e-03  |      ---           ---           ---     
n=03:                                3.9874e+01    +2.5026e+00   -2.2719e-04  |      ---           ---           ---     
n=04:                                3.2990e+03    +4.3922e+02   -6.9778e-04  |      ---           ---           ---     
n=05:                                1.7478e+05    -1.4690e+04   +4.0841e-04  |      ---           ---           ---     
n=06:                                1.2120e+07    -1.2473e+06   +6.0684e-04  |      ---           ---           ---     
