--- multipoles on reference trajectory (rz > 0) ---
effective_length:                   152.10007830964446 mm
perpendicular_grid:                 41 points in [-12.000000,+12.000000] mm
max_fitting_error_normal            0.016/1489.489 G/G
max_fitting_error_skew              118.233/118.233 G/G
r0_for_relative_multipoles          17.5 mm
main_monomial                       n = 0, skew:False
                                       Nn(s=0)      Integ_Nn     Nn/N0(@r0)   |    Sn(s=0)      Integ_Sn     Sn/S0(@r0)  
<multipole_order n>                    [T/m^n]      [T.m/m^n]        []       |    [T/m^n]      [T.m/m^n]        []      
n=00:                                2.1669e-01    -3.2794e-02   +1.0000e+00  |      ---           ---           ---     
n=01:                                5.2784e-04    +9.9768e-03   -5.3240e-03  |      ---           ---           ---     
n=02:                                2.3366e-01    +4.7359e-01   -4.4227e-03  |      ---           ---           ---     
n=03:                                8.5345e+00    +4.0656e-01   -6.6441e-05  |      ---           ---           ---     
n=04:                                1.5201e+03    -3.1568e+02   +9.0283e-04  |      ---           ---           ---     
n=05:                                5.0772e+04    +3.9798e+02   -1.9918e-05  |      ---           ---           ---     
n=06:                                5.4446e+06    +1.3856e+06   -1.2136e-03  |      ---           ---           ---     
