--- multipoles on reference trajectory (rz > 0) ---
effective_length:                   150.13692079700937 mm
perpendicular_grid:                 41 points in [-12.000000,+12.000000] mm
max_fitting_error_normal            0.006/297.713 G/G
max_fitting_error_skew              25.035/25.035 G/G
r0_for_relative_multipoles          17.5 mm
main_monomial                       n = 0, skew:False
                                       Nn(s=0)      Integ_Nn     Nn/N0(@r0)   |    Sn(s=0)      Integ_Sn     Sn/S0(@r0)  
<multipole_order n>                    [T/m^n]      [T.m/m^n]        []       |    [T/m^n]      [T.m/m^n]        []      
n=00:                                4.2826e-02    -6.3977e-03   +1.0000e+00  |      ---           ---           ---     
n=01:                                9.1748e-05    +3.3118e-03   -9.0591e-03  |      ---           ---           ---     
n=02:                                1.1957e-02    +8.4954e-02   -4.0667e-03  |      ---           ---           ---     
n=03:                                4.0381e+00    +3.4769e-02   -2.9126e-05  |      ---           ---           ---     
n=04:                                6.6053e+01    +3.9644e+01   -5.8118e-04  |      ---           ---           ---     
n=05:                                1.6936e+04    -8.6438e+02   +2.2175e-04  |      ---           ---           ---     
n=06:                                9.5765e+05    -1.2488e+05   +5.6067e-04  |      ---           ---           ---     
