--- multipoles on reference trajectory (rz > 0) ---
effective_length:                   152.8475373561812 mm
perpendicular_grid:                 41 points in [-12.000000,+12.000000] mm
max_fitting_error_normal            0.080/3634.529 G/G
max_fitting_error_skew              236.178/236.178 G/G
r0_for_relative_multipoles          17.5 mm
main_monomial                       n = 0, skew:False
                                       Nn(s=0)      Integ_Nn     Nn/N0(@r0)   |    Sn(s=0)      Integ_Sn     Sn/S0(@r0)  
<multipole_order n>                    [T/m^n]      [T.m/m^n]        []       |    [T/m^n]      [T.m/m^n]        []      
n=00:                                4.3354e-01    -6.5933e-02   +1.0000e+00  |      ---           ---           ---     
n=01:                                2.2754e-05    +3.4531e-02   -9.1652e-03  |      ---           ---           ---     
n=02:                                9.5483e-02    +8.4453e-01   -3.9227e-03  |      ---           ---           ---     
n=03:                                4.6599e+01    +1.2373e-01   -1.0057e-05  |      ---           ---           ---     
n=04:                                1.9281e+03    +5.6886e+02   -8.0920e-04  |      ---           ---           ---     
n=05:                                1.6603e+05    -3.4308e+03   +8.5406e-05  |      ---           ---           ---     
n=06:                                1.0344e+07    -1.6147e+06   +7.0344e-04  |      ---           ---           ---     
