--- multipoles on reference trajectory (rz > 0) ---
effective_length:                   -19.999999999999996 mm
perpendicular_grid:                 41 points in [-12.000000,+12.000000] mm
max_fitting_error_normal            0.128/4331.423 G/G
max_fitting_error_skew              232.563/232.563 G/G
r0_for_relative_multipoles          17.5 mm
main_monomial                       n = 0, skew:False
                                       Nn(s=0)      Integ_Nn     Nn/N0(@r0)   |    Sn(s=0)      Integ_Sn     Sn/S0(@r0)  
<multipole_order n>                    [T/m^n]      [T.m/m^n]        []       |    [T/m^n]      [T.m/m^n]        []      
n=00:                                4.3348e-01    -6.5201e-02   +1.0000e+00  |      ---           ---           ---     
n=01:                                6.4896e-03    +3.5131e-02   -9.4292e-03  |      ---           ---           ---     
n=02:                                5.9515e-01    +8.9842e-01   -4.2199e-03  |      ---           ---           ---     
n=03:                                1.1641e+01    -4.0552e-01   +3.3333e-05  |      ---           ---           ---     
n=04:                                6.9915e+03    -1.3506e+02   +1.9429e-04  |      ---           ---           ---     
n=05:                                1.8158e+05    +1.2791e+03   -3.2198e-05  |      ---           ---           ---     
n=06:                                3.6202e+07    +1.5130e+06   -6.6650e-04  |      ---           ---           ---     
