--- multipoles on reference trajectory (rz > 0) ---
effective_length:                   -20.000000000000004 mm
perpendicular_grid:                 41 points in [-12.000000,+12.000000] mm
max_fitting_error_normal            0.070/4152.911 G/G
max_fitting_error_skew              232.735/232.735 G/G
r0_for_relative_multipoles          17.5 mm
main_monomial                       n = 0, skew:False
                                       Nn(s=0)      Integ_Nn     Nn/N0(@r0)   |    Sn(s=0)      Integ_Sn     Sn/S0(@r0)  
<multipole_order n>                    [T/m^n]      [T.m/m^n]        []       |    [T/m^n]      [T.m/m^n]        []      
n=00:                                4.3360e-01    -6.4968e-02   +1.0000e+00  |      ---           ---           ---     
n=01:                                3.2530e-03    +3.4038e-02   -9.1687e-03  |      ---           ---           ---     
n=02:                                1.7417e-01    +8.9642e-01   -4.2256e-03  |      ---           ---           ---     
n=03:                                2.6536e+01    -1.3795e+00   +1.1380e-04  |      ---           ---           ---     
n=04:                                7.1175e+02    -1.2507e+02   +1.8055e-04  |      ---           ---           ---     
n=05:                                1.5975e+05    +2.6682e+03   -6.7409e-05  |      ---           ---           ---     
n=06:                                3.0195e+06    +6.1656e+05   -2.7259e-04  |      ---           ---           ---     
