--- multipoles on reference trajectory (rz > 0) ---
effective_length:                   -20.0 mm
perpendicular_grid:                 41 points in [-12.000000,+12.000000] mm
max_fitting_error_normal            0.018/626.249 G/G
max_fitting_error_skew              48.328/48.328 G/G
r0_for_relative_multipoles          17.5 mm
main_monomial                       n = 0, skew:False
                                       Nn(s=0)      Integ_Nn     Nn/N0(@r0)   |    Sn(s=0)      Integ_Sn     Sn/S0(@r0)  
<multipole_order n>                    [T/m^n]      [T.m/m^n]        []       |    [T/m^n]      [T.m/m^n]        []      
n=00:                                8.6273e-02    -1.2978e-02   +1.0000e+00  |      ---           ---           ---     
n=01:                                1.5458e-04    +6.9197e-03   -9.3308e-03  |      ---           ---           ---     
n=02:                                5.1477e-02    +1.7324e-01   -4.0881e-03  |      ---           ---           ---     
n=03:                                4.6173e+00    -2.2561e-01   +9.3167e-05  |      ---           ---           ---     
n=04:                                1.0804e+03    -3.8944e+00   +2.8143e-05  |      ---           ---           ---     
n=05:                                1.3771e+04    -8.0960e+02   +1.0239e-04  |      ---           ---           ---     
n=06:                                6.0406e+06    +2.7795e+05   -6.1516e-04  |      ---           ---           ---     
