--- multipoles on reference trajectory (rz > 0) ---
effective_length:                   152.00685666911323 mm
perpendicular_grid:                 41 points in [-12.000000,+12.000000] mm
max_fitting_error_normal            0.051/3659.910 G/G
max_fitting_error_skew              286.039/286.039 G/G
r0_for_relative_multipoles          17.5 mm
main_monomial                       n = 0, skew:False
                                       Nn(s=0)      Integ_Nn     Nn/N0(@r0)   |    Sn(s=0)      Integ_Sn     Sn/S0(@r0)  
<multipole_order n>                    [T/m^n]      [T.m/m^n]        []       |    [T/m^n]      [T.m/m^n]        []      
n=00:                                5.1977e-01    -7.8612e-02   +1.0000e+00  |      ---           ---           ---     
n=01:                                8.6888e-04    +4.2583e-02   -9.4794e-03  |      ---           ---           ---     
n=02:                                4.1860e-02    +1.0501e+00   -4.0908e-03  |      ---           ---           ---     
n=03:                                3.6233e-01    -2.7902e+00   +1.9022e-04  |      ---           ---           ---     
n=04:                                2.5196e+03    +1.1711e+02   -1.3972e-04  |      ---           ---           ---     
n=05:                                6.4292e+04    +7.7909e+03   -1.6266e-04  |      ---           ---           ---     
n=06:                                6.3676e+06    +6.5947e+05   -2.4095e-04  |      ---           ---           ---     
