--- multipoles on reference trajectory (rz > 0) ---
effective_length:                   152.38331313779258 mm
perpendicular_grid:                 41 points in [-12.000000,+12.000000] mm
max_fitting_error_normal            0.048/2282.039 G/G
max_fitting_error_skew              188.625/188.625 G/G
r0_for_relative_multipoles          17.5 mm
main_monomial                       n = 0, skew:False
                                       Nn(s=0)      Integ_Nn     Nn/N0(@r0)   |    Sn(s=0)      Integ_Sn     Sn/S0(@r0)  
<multipole_order n>                    [T/m^n]      [T.m/m^n]        []       |    [T/m^n]      [T.m/m^n]        []      
n=00:                                3.4710e-01    -5.2628e-02   +1.0000e+00  |      ---           ---           ---     
n=01:                                1.4442e-04    +2.6692e-02   -8.8757e-03  |      ---           ---           ---     
n=02:                                2.5014e-01    +6.8422e-01   -3.9816e-03  |      ---           ---           ---     
n=03:                                9.0400e+00    +1.2393e+00   -1.2621e-04  |      ---           ---           ---     
n=04:                                6.5149e+02    +3.8710e+02   -6.8986e-04  |      ---           ---           ---     
n=05:                                9.4444e+03    -5.6213e+03   +1.7531e-04  |      ---           ---           ---     
n=06:                                7.9402e+06    -1.1085e+06   +6.0499e-04  |      ---           ---           ---     
