--- multipoles on reference trajectory (rz > 0) ---
effective_length:                   -20.0 mm
perpendicular_grid:                 41 points in [-12.000000,+12.000000] mm
max_fitting_error_normal            0.048/3268.585 G/G
max_fitting_error_skew              259.721/259.721 G/G
r0_for_relative_multipoles          17.5 mm
main_monomial                       n = 0, skew:False
                                       Nn(s=0)      Integ_Nn     Nn/N0(@r0)   |    Sn(s=0)      Integ_Sn     Sn/S0(@r0)  
<multipole_order n>                    [T/m^n]      [T.m/m^n]        []       |    [T/m^n]      [T.m/m^n]        []      
n=00:                                4.7664e-01    -7.2376e-02   +1.0000e+00  |      ---           ---           ---     
n=01:                                4.0196e-04    +3.7619e-02   -9.0959e-03  |      ---           ---           ---     
n=02:                                9.1090e-02    +9.5209e-01   -4.0286e-03  |      ---           ---           ---     
n=03:                                2.4415e+01    -1.5586e+00   +1.1541e-04  |      ---           ---           ---     
n=04:                                2.3010e+03    +2.9371e+02   -3.8061e-04  |      ---           ---           ---     
n=05:                                1.3367e+05    -2.2147e+03   +5.0224e-05  |      ---           ---           ---     
n=06:                                6.4442e+06    -7.4826e+05   +2.9695e-04  |      ---           ---           ---     
