--- multipoles on reference trajectory (rz > 0) ---
effective_length:                   151.2765633337837 mm
perpendicular_grid:                 41 points in [-12.000000,+12.000000] mm
max_fitting_error_normal            0.009/517.703 G/G
max_fitting_error_skew              48.279/48.279 G/G
r0_for_relative_multipoles          17.5 mm
main_monomial                       n = 0, skew:False
                                       Nn(s=0)      Integ_Nn     Nn/N0(@r0)   |    Sn(s=0)      Integ_Sn     Sn/S0(@r0)  
<multipole_order n>                    [T/m^n]      [T.m/m^n]        []       |    [T/m^n]      [T.m/m^n]        []      
n=00:                                8.6243e-02    -1.2981e-02   +1.0000e+00  |      ---           ---           ---     
n=01:                                3.5135e-04    +2.3540e-03   -3.1735e-03  |      ---           ---           ---     
n=02:                                8.9699e-03    +1.7520e-01   -4.1333e-03  |      ---           ---           ---     
n=03:                                3.5141e+00    +2.4390e-02   -1.0069e-05  |      ---           ---           ---     
n=04:                                1.0203e+03    +7.1535e+01   -5.1684e-04  |      ---           ---           ---     
n=05:                                2.3477e+04    +3.6640e+03   -4.6326e-04  |      ---           ---           ---     
n=06:                                4.1593e+06    -1.6490e+05   +3.6486e-04  |      ---           ---           ---     
