--- multipoles on reference trajectory (rz > 0) ---
effective_length:                   -20.0 mm
perpendicular_grid:                 41 points in [-12.000000,+12.000000] mm
max_fitting_error_normal            0.017/1207.864 G/G
max_fitting_error_skew              94.962/94.962 G/G
r0_for_relative_multipoles          17.5 mm
main_monomial                       n = 0, skew:False
                                       Nn(s=0)      Integ_Nn     Nn/N0(@r0)   |    Sn(s=0)      Integ_Sn     Sn/S0(@r0)  
<multipole_order n>                    [T/m^n]      [T.m/m^n]        []       |    [T/m^n]      [T.m/m^n]        []      
n=00:                                1.7316e-01    -2.6229e-02   +1.0000e+00  |      ---           ---           ---     
n=01:                                1.4357e-03    +7.2361e-03   -4.8280e-03  |      ---           ---           ---     
n=02:                                1.3408e-01    +3.6352e-01   -4.2444e-03  |      ---           ---           ---     
n=03:                                1.6219e+01    +1.3467e-01   -2.7518e-05  |      ---           ---           ---     
n=04:                                9.1335e+02    -1.0844e+02   +3.8777e-04  |      ---           ---           ---     
n=05:                                8.1868e+04    -3.2969e+01   +2.0631e-06  |      ---           ---           ---     
n=06:                                3.0276e+06    +4.8143e+05   -5.2721e-04  |      ---           ---           ---     
