--- multipoles on reference trajectory (rz > 0) ---
effective_length:                   -20.000000000000004 mm
perpendicular_grid:                 41 points in [-12.000000,+12.000000] mm
max_fitting_error_normal            0.065/2783.720 G/G
max_fitting_error_skew              212.083/212.083 G/G
r0_for_relative_multipoles          17.5 mm
main_monomial                       n = 0, skew:False
                                       Nn(s=0)      Integ_Nn     Nn/N0(@r0)   |    Sn(s=0)      Integ_Sn     Sn/S0(@r0)  
<multipole_order n>                    [T/m^n]      [T.m/m^n]        []       |    [T/m^n]      [T.m/m^n]        []      
n=00:                                3.9031e-01    +5.9056e-02   +1.0000e+00  |      ---           ---           ---     
n=01:                                1.2771e-04    +3.1590e-02   +9.3609e-03  |      ---           ---           ---     
n=02:                                4.2879e-01    -8.0309e-01   -4.1646e-03  |      ---           ---           ---     
n=03:                                1.8007e+01    +2.6337e+00   +2.3901e-04  |      ---           ---           ---     
n=04:                                5.3301e+03    +5.3459e+00   +8.4900e-06  |      ---           ---           ---     
n=05:                                5.8019e+04    -1.6991e+04   -4.7221e-04  |      ---           ---           ---     
n=06:                                2.3742e+07    -7.9179e+05   -3.8510e-04  |      ---           ---           ---     
