--- multipoles on reference trajectory (rz > 0) ---
effective_length:                   152.39816206483863 mm
perpendicular_grid:                 41 points in [-12.000000,+12.000000] mm
max_fitting_error_normal            0.043/3484.890 G/G
max_fitting_error_skew              224.045/224.045 G/G
r0_for_relative_multipoles          17.5 mm
main_monomial                       n = 0, skew:False
                                       Nn(s=0)      Integ_Nn     Nn/N0(@r0)   |    Sn(s=0)      Integ_Sn     Sn/S0(@r0)  
<multipole_order n>                    [T/m^n]      [T.m/m^n]        []       |    [T/m^n]      [T.m/m^n]        []      
n=00:                                4.1217e-01    -6.2499e-02   +1.0000e+00  |      ---           ---           ---     
n=01:                                3.4592e-05    +3.1691e-02   -8.8735e-03  |      ---           ---           ---     
n=02:                                5.1431e-01    +8.5002e-01   -4.1652e-03  |      ---           ---           ---     
n=03:                                1.2355e+01    +1.5280e+00   -1.3102e-04  |      ---           ---           ---     
n=04:                                5.8759e+03    -1.5362e+02   +2.3054e-04  |      ---           ---           ---     
n=05:                                3.0997e+04    -1.1114e+04   +2.9187e-04  |      ---           ---           ---     
n=06:                                2.5497e+07    +1.3192e+06   -6.0627e-04  |      ---           ---           ---     
