--- multipoles on reference trajectory (rz > 0) ---
effective_length:                   151.99081850961804 mm
perpendicular_grid:                 41 points in [-12.000000,+12.000000] mm
max_fitting_error_normal            0.074/4307.278 G/G
max_fitting_error_skew              310.049/310.049 G/G
r0_for_relative_multipoles          17.5 mm
main_monomial                       n = 0, skew:False
                                       Nn(s=0)      Integ_Nn     Nn/N0(@r0)   |    Sn(s=0)      Integ_Sn     Sn/S0(@r0)  
<multipole_order n>                    [T/m^n]      [T.m/m^n]        []       |    [T/m^n]      [T.m/m^n]        []      
n=00:                                5.6280e-01    -8.5111e-02   +1.0000e+00  |      ---           ---           ---     
n=01:                                5.5934e-04    +4.5960e-02   -9.4501e-03  |      ---           ---           ---     
n=02:                                2.2768e-01    +1.1089e+00   -3.9900e-03  |      ---           ---           ---     
n=03:                                2.5007e+01    +9.6321e-01   -6.0652e-05  |      ---           ---           ---     
n=04:                                6.8227e+03    +7.2444e+02   -7.9831e-04  |      ---           ---           ---     
n=05:                                7.1227e+04    -7.3259e+03   +1.4128e-04  |      ---           ---           ---     
n=06:                                2.8707e+07    -2.3045e+06   +7.7770e-04  |      ---           ---           ---     
