--- multipoles on reference trajectory (rz > 0) ---
effective_length:                   -20.0 mm
perpendicular_grid:                 41 points in [-12.000000,+12.000000] mm
max_fitting_error_normal            0.011/868.032 G/G
max_fitting_error_skew              71.618/71.618 G/G
r0_for_relative_multipoles          17.5 mm
main_monomial                       n = 0, skew:False
                                       Nn(s=0)      Integ_Nn     Nn/N0(@r0)   |    Sn(s=0)      Integ_Sn     Sn/S0(@r0)  
<multipole_order n>                    [T/m^n]      [T.m/m^n]        []       |    [T/m^n]      [T.m/m^n]        []      
n=00:                                1.2968e-01    -1.9639e-02   +1.0000e+00  |      ---           ---           ---     
n=01:                                8.9405e-04    +1.0305e-02   -9.1830e-03  |      ---           ---           ---     
n=02:                                4.8143e-02    +2.5638e-01   -3.9980e-03  |      ---           ---           ---     
n=03:                                1.1010e+01    -1.3565e+00   +3.7018e-04  |      ---           ---           ---     
n=04:                                5.3454e+02    +4.0954e+01   -1.9558e-04  |      ---           ---           ---     
n=05:                                6.0477e+04    +4.0156e+03   -3.3561e-04  |      ---           ---           ---     
n=06:                                4.1795e+05    +5.9485e+04   -8.7000e-05  |      ---           ---           ---     
