--- multipoles on reference trajectory (rz > 0) ---
effective_length:                   -19.999999999999996 mm
perpendicular_grid:                 41 points in [-12.000000,+12.000000] mm
max_fitting_error_normal            0.030/1196.402 G/G
max_fitting_error_skew              94.883/94.883 G/G
r0_for_relative_multipoles          17.5 mm
main_monomial                       n = 0, skew:False
                                       Nn(s=0)      Integ_Nn     Nn/N0(@r0)   |    Sn(s=0)      Integ_Sn     Sn/S0(@r0)  
<multipole_order n>                    [T/m^n]      [T.m/m^n]        []       |    [T/m^n]      [T.m/m^n]        []      
n=00:                                1.7320e-01    -2.6238e-02   +1.0000e+00  |      ---           ---           ---     
n=01:                                3.6079e-04    +1.3687e-02   -9.1286e-03  |      ---           ---           ---     
n=02:                                1.5117e-01    +3.5454e-01   -4.1382e-03  |      ---           ---           ---     
n=03:                                7.6590e+00    +8.3511e-01   -1.7058e-04  |      ---           ---           ---     
n=04:                                1.0863e+03    +6.7909e+01   -2.4274e-04  |      ---           ---           ---     
n=05:                                3.3090e+04    -6.6523e+03   +4.1613e-04  |      ---           ---           ---     
n=06:                                4.8629e+06    -1.1509e+05   +1.2598e-04  |      ---           ---           ---     
