--- multipoles on reference trajectory (rz > 0) ---
effective_length:                   -20.0 mm
perpendicular_grid:                 41 points in [-12.000000,+12.000000] mm
max_fitting_error_normal            0.059/4771.087 G/G
max_fitting_error_skew              259.718/259.718 G/G
r0_for_relative_multipoles          17.5 mm
main_monomial                       n = 0, skew:False
                                       Nn(s=0)      Integ_Nn     Nn/N0(@r0)   |    Sn(s=0)      Integ_Sn     Sn/S0(@r0)  
<multipole_order n>                    [T/m^n]      [T.m/m^n]        []       |    [T/m^n]      [T.m/m^n]        []      
n=00:                                4.7712e-01    -7.2416e-02   +1.0000e+00  |      ---           ---           ---     
n=01:                                7.3140e-04    +3.8083e-02   -9.2030e-03  |      ---           ---           ---     
n=02:                                1.3025e-01    +9.7889e-01   -4.1398e-03  |      ---           ---           ---     
n=03:                                1.9118e+01    +1.0839e+00   -8.0215e-05  |      ---           ---           ---     
n=04:                                1.6682e+03    +5.0289e+01   -6.5132e-05  |      ---           ---           ---     
n=05:                                5.7000e+04    -1.1322e+04   +2.5662e-04  |      ---           ---           ---     
n=06:                                1.0258e+07    +2.5737e+05   -1.0208e-04  |      ---           ---           ---     
