--- multipoles on reference trajectory (rz > 0) ---
effective_length:                   -19.999999999999993 mm
perpendicular_grid:                 41 points in [-12.000000,+12.000000] mm
max_fitting_error_normal            0.071/3664.992 G/G
max_fitting_error_skew              247.832/247.832 G/G
r0_for_relative_multipoles          17.5 mm
main_monomial                       n = 0, skew:False
                                       Nn(s=0)      Integ_Nn     Nn/N0(@r0)   |    Sn(s=0)      Integ_Sn     Sn/S0(@r0)  
<multipole_order n>                    [T/m^n]      [T.m/m^n]        []       |    [T/m^n]      [T.m/m^n]        []      
n=00:                                4.5549e-01    -6.9140e-02   +1.0000e+00  |      ---           ---           ---     
n=01:                                7.7027e-05    +3.7997e-02   -9.6174e-03  |      ---           ---           ---     
n=02:                                7.2550e-02    +9.0694e-01   -4.0172e-03  |      ---           ---           ---     
n=03:                                3.4923e+01    -6.8522e-01   +5.3115e-05  |      ---           ---           ---     
n=04:                                2.7268e+03    +3.5826e+02   -4.8598e-04  |      ---           ---           ---     
n=05:                                1.4631e+05    -4.5879e+03   +1.0891e-04  |      ---           ---           ---     
n=06:                                9.5901e+06    -7.5515e+05   +3.1371e-04  |      ---           ---           ---     
