--- multipoles on reference trajectory (rz > 0) ---
effective_length:                   151.72965731298208 mm
perpendicular_grid:                 41 points in [-12.000000,+12.000000] mm
max_fitting_error_normal            0.017/951.314 G/G
max_fitting_error_skew              71.564/71.564 G/G
r0_for_relative_multipoles          17.5 mm
main_monomial                       n = 0, skew:False
                                       Nn(s=0)      Integ_Nn     Nn/N0(@r0)   |    Sn(s=0)      Integ_Sn     Sn/S0(@r0)  
<multipole_order n>                    [T/m^n]      [T.m/m^n]        []       |    [T/m^n]      [T.m/m^n]        []      
n=00:                                1.2971e-01    -1.9583e-02   +1.0000e+00  |      ---           ---           ---     
n=01:                                5.9440e-04    +4.3505e-03   -3.8878e-03  |      ---           ---           ---     
n=02:                                6.9881e-02    +2.6888e-01   -4.2050e-03  |      ---           ---           ---     
n=03:                                6.1753e+00    +1.0069e+00   -2.7557e-04  |      ---           ---           ---     
n=04:                                1.1149e+02    -5.0592e+01   +2.4231e-04  |      ---           ---           ---     
n=05:                                5.0262e+04    +4.0616e+02   -3.4041e-05  |      ---           ---           ---     
n=06:                                8.2954e+03    +4.3049e+05   -6.3141e-04  |      ---           ---           ---     
