--- multipoles on reference trajectory (rz > 0) ---
effective_length:                   -20.0 mm
perpendicular_grid:                 41 points in [-12.000000,+12.000000] mm
max_fitting_error_normal            0.008/318.077 G/G
max_fitting_error_skew              25.035/25.035 G/G
r0_for_relative_multipoles          17.5 mm
main_monomial                       n = 0, skew:False
                                       Nn(s=0)      Integ_Nn     Nn/N0(@r0)   |    Sn(s=0)      Integ_Sn     Sn/S0(@r0)  
<multipole_order n>                    [T/m^n]      [T.m/m^n]        []       |    [T/m^n]      [T.m/m^n]        []      
n=00:                                4.2826e-02    -6.4040e-03   +1.0000e+00  |      ---           ---           ---     
n=01:                                9.1748e-05    +3.4382e-03   -9.3953e-03  |      ---           ---           ---     
n=02:                                1.1957e-02    +8.3752e-02   -4.0052e-03  |      ---           ---           ---     
n=03:                                4.0381e+00    -2.6681e-01   +2.2328e-04  |      ---           ---           ---     
n=04:                                6.6053e+01    +5.7821e+01   -8.4681e-04  |      ---           ---           ---     
n=05:                                1.6936e+04    +7.1321e+02   -1.8279e-04  |      ---           ---           ---     
n=06:                                9.5765e+05    -1.8754e+05   +8.4115e-04  |      ---           ---           ---     
