--- multipoles on reference trajectory (rz > 0) ---
effective_length:                   152.85427436270876 mm
perpendicular_grid:                 41 points in [-12.000000,+12.000000] mm
max_fitting_error_normal            0.081/3774.677 G/G
max_fitting_error_skew              283.825/283.825 G/G
r0_for_relative_multipoles          17.5 mm
main_monomial                       n = 0, skew:False
                                       Nn(s=0)      Integ_Nn     Nn/N0(@r0)   |    Sn(s=0)      Integ_Sn     Sn/S0(@r0)  
<multipole_order n>                    [T/m^n]      [T.m/m^n]        []       |    [T/m^n]      [T.m/m^n]        []      
n=00:                                5.1995e-01    +7.9078e-02   +1.0000e+00  |      ---           ---           ---     
n=01:                                7.0889e-04    +4.2907e-02   +9.4955e-03  |      ---           ---           ---     
n=02:                                6.5594e-01    -1.0605e+00   -4.1072e-03  |      ---           ---           ---     
n=03:                                2.0243e+01    +3.9377e-01   +2.6687e-05  |      ---           ---           ---     
n=04:                                6.3020e+03    -2.2589e+02   -2.6791e-04  |      ---           ---           ---     
n=05:                                1.1760e+05    -1.0464e+04   -2.1720e-04  |      ---           ---           ---     
n=06:                                2.8626e+07    +1.5469e+05   +5.6186e-05  |      ---           ---           ---     
