--- multipoles on reference trajectory (rz > 0) ---
effective_length:                   -20.0 mm
perpendicular_grid:                 41 points in [-12.000000,+12.000000] mm
max_fitting_error_normal            0.049/2752.507 G/G
max_fitting_error_skew              224.101/224.101 G/G
r0_for_relative_multipoles          17.5 mm
main_monomial                       n = 0, skew:False
                                       Nn(s=0)      Integ_Nn     Nn/N0(@r0)   |    Sn(s=0)      Integ_Sn     Sn/S0(@r0)  
<multipole_order n>                    [T/m^n]      [T.m/m^n]        []       |    [T/m^n]      [T.m/m^n]        []      
n=00:                                4.1182e-01    -6.2533e-02   +1.0000e+00  |      ---           ---           ---     
n=01:                                1.6799e-03    +3.1493e-02   -8.8134e-03  |      ---           ---           ---     
n=02:                                1.4878e-02    +8.2796e-01   -4.0548e-03  |      ---           ---           ---     
n=03:                                2.0754e+01    -2.3295e+00   +1.9965e-04  |      ---           ---           ---     
n=04:                                9.9945e+02    +2.9519e+02   -4.4274e-04  |      ---           ---           ---     
n=05:                                1.3466e+05    +1.9229e+03   -5.0469e-05  |      ---           ---           ---     
n=06:                                9.3559e+05    -8.5572e+05   +3.9305e-04  |      ---           ---           ---     
