--- multipoles on reference trajectory (rz > 0) ---
effective_length:                   -20.000000000000004 mm
perpendicular_grid:                 41 points in [-12.000000,+12.000000] mm
max_fitting_error_normal            0.060/3369.231 G/G
max_fitting_error_skew              283.574/283.574 G/G
r0_for_relative_multipoles          17.5 mm
main_monomial                       n = 0, skew:False
                                       Nn(s=0)      Integ_Nn     Nn/N0(@r0)   |    Sn(s=0)      Integ_Sn     Sn/S0(@r0)  
<multipole_order n>                    [T/m^n]      [T.m/m^n]        []       |    [T/m^n]      [T.m/m^n]        []      
n=00:                                5.2034e-01    -7.8971e-02   +1.0000e+00  |      ---           ---           ---     
n=01:                                1.1710e-03    +4.1374e-02   -9.1685e-03  |      ---           ---           ---     
n=02:                                3.7843e-01    +1.0741e+00   -4.1652e-03  |      ---           ---           ---     
n=03:                                3.1299e+01    -5.3466e-01   +3.6285e-05  |      ---           ---           ---     
n=04:                                2.5955e+02    -1.1711e+02   +1.3908e-04  |      ---           ---           ---     
n=05:                                2.5672e+05    -5.0728e+02   +1.0543e-05  |      ---           ---           ---     
n=06:                                3.4750e+06    +1.3369e+06   -4.8624e-04  |      ---           ---           ---     
