--- multipoles on reference trajectory (rz > 0) ---
effective_length:                   -20.0 mm
perpendicular_grid:                 41 points in [-12.000000,+12.000000] mm
max_fitting_error_normal            0.078/3351.815 G/G
max_fitting_error_skew              212.253/212.253 G/G
r0_for_relative_multipoles          17.5 mm
main_monomial                       n = 0, skew:False
                                       Nn(s=0)      Integ_Nn     Nn/N0(@r0)   |    Sn(s=0)      Integ_Sn     Sn/S0(@r0)  
<multipole_order n>                    [T/m^n]      [T.m/m^n]        []       |    [T/m^n]      [T.m/m^n]        []      
n=00:                                3.9051e-01    -5.9267e-02   +1.0000e+00  |      ---           ---           ---     
n=01:                                7.7361e-04    +3.1079e-02   -9.1770e-03  |      ---           ---           ---     
n=02:                                3.8181e-01    +7.9190e-01   -4.0920e-03  |      ---           ---           ---     
n=03:                                2.0316e+00    +6.3939e-01   -5.7819e-05  |      ---           ---           ---     
n=04:                                4.4661e+03    +6.7016e+01   -1.0605e-04  |      ---           ---           ---     
n=05:                                5.5286e+04    -6.4675e+03   +1.7911e-04  |      ---           ---           ---     
n=06:                                2.5522e+07    +7.5533e+05   -3.6606e-04  |      ---           ---           ---     
