--- multipoles on reference trajectory (rz > 0) ---
effective_length:                   -20.000000000000007 mm
perpendicular_grid:                 41 points in [-12.000000,+12.000000] mm
max_fitting_error_normal            0.010/860.933 G/G
max_fitting_error_skew              48.335/48.335 G/G
r0_for_relative_multipoles          17.5 mm
main_monomial                       n = 0, skew:False
                                       Nn(s=0)      Integ_Nn     Nn/N0(@r0)   |    Sn(s=0)      Integ_Sn     Sn/S0(@r0)  
<multipole_order n>                    [T/m^n]      [T.m/m^n]        []       |    [T/m^n]      [T.m/m^n]        []      
n=00:                                8.6220e-02    -1.3003e-02   +1.0000e+00  |      ---           ---           ---     
n=01:                                4.2016e-04    +2.5251e-03   -3.3983e-03  |      ---           ---           ---     
n=02:                                7.3048e-02    +1.6343e-01   -3.8493e-03  |      ---           ---           ---     
n=03:                                2.4936e+00    -7.0028e-02   +2.8863e-05  |      ---           ---           ---     
n=04:                                1.5433e+03    +1.7251e+02   -1.2443e-03  |      ---           ---           ---     
n=05:                                2.2714e+04    +2.3970e+03   -3.0256e-04  |      ---           ---           ---     
n=06:                                6.2556e+06    -6.4201e+05   +1.4182e-03  |      ---           ---           ---     
