--- multipoles on reference trajectory (rz > 0) ---
effective_length:                   152.05912245249036 mm
perpendicular_grid:                 41 points in [-12.000000,+12.000000] mm
max_fitting_error_normal            0.015/3386.116 G/G
max_fitting_error_skew              0.000/0.000 G/G
r0_for_relative_multipoles          17.5 mm
main_monomial                       n = 0, skew:False
                                       Nn(s=0)      Integ_Nn     Nn/N0(@r0)   |    Sn(s=0)      Integ_Sn     Sn/S0(@r0)  
<multipole_order n>                    [T/m^n]      [T.m/m^n]        []       |    [T/m^n]      [T.m/m^n]        []      
n=00:                                4.3446e-01    -6.5733e-02   +1.0000e+00  |      ---           ---           ---     
n=01:                                3.2378e-04    +3.9940e-02   -1.0633e-02  |      ---           ---           ---     
n=02:                                4.4181e-02    +6.2693e-01   -2.9209e-03  |      ---           ---           ---     
n=03:                                1.6218e+00    -3.2455e+00   +2.6462e-04  |      ---           ---           ---     
n=04:                                1.5825e+02    +1.7553e+02   -2.5045e-04  |      ---           ---           ---     
n=05:                                2.3941e+04    +9.4143e+02   -2.3507e-05  |      ---           ---           ---     
n=06:                                1.3677e+06    +1.3953e+05   -6.0972e-05  |      ---           ---           ---     
