--- multipoles on reference trajectory (rz > 0) ---
effective_length:                   152.05914995548085 mm
perpendicular_grid:                 41 points in [-12.000000,+12.000000] mm
max_fitting_error_normal            0.015/3373.927 G/G
max_fitting_error_skew              0.000/0.000 G/G
r0_for_relative_multipoles          17.5 mm
main_monomial                       n = 0, skew:False
                                       Nn(s=0)      Integ_Nn     Nn/N0(@r0)   |    Sn(s=0)      Integ_Sn     Sn/S0(@r0)  
<multipole_order n>                    [T/m^n]      [T.m/m^n]        []       |    [T/m^n]      [T.m/m^n]        []      
n=00:                                4.3289e-01    -6.5496e-02   +1.0000e+00  |      ---           ---           ---     
n=01:                                3.2261e-04    +3.9797e-02   -1.0633e-02  |      ---           ---           ---     
n=02:                                4.4021e-02    +6.2467e-01   -2.9209e-03  |      ---           ---           ---     
n=03:                                1.6160e+00    -3.2341e+00   +2.6464e-04  |      ---           ---           ---     
n=04:                                1.5768e+02    +1.7490e+02   -2.5045e-04  |      ---           ---           ---     
n=05:                                2.3855e+04    +9.3798e+02   -2.3505e-05  |      ---           ---           ---     
n=06:                                1.3628e+06    +1.3903e+05   -6.0972e-05  |      ---           ---           ---     
