--- multipoles on reference trajectory (rz > 0) ---
effective_length:                   152.00931749626548 mm
perpendicular_grid:                 41 points in [-12.000000,+12.000000] mm
max_fitting_error_normal            0.056/4051.764 G/G
max_fitting_error_skew              226.207/226.207 G/G
r0_for_relative_multipoles          17.5 mm
main_monomial                       n = 0, skew:False
                                       Nn(s=0)      Integ_Nn     Nn/N0(@r0)   |    Sn(s=0)      Integ_Sn     Sn/S0(@r0)  
<multipole_order n>                    [T/m^n]      [T.m/m^n]        []       |    [T/m^n]      [T.m/m^n]        []      
n=00:                                4.1182e-01    -6.2287e-02   +1.0000e+00  |      ---           ---           ---     
n=01:                                1.6799e-03    +3.2641e-02   -9.1708e-03  |      ---           ---           ---     
n=02:                                1.4878e-02    +8.2007e-01   -4.0321e-03  |      ---           ---           ---     
n=03:                                2.0754e+01    -1.8215e+00   +1.5673e-04  |      ---           ---           ---     
n=04:                                9.9945e+02    +4.6431e+02   -6.9913e-04  |      ---           ---           ---     
n=05:                                1.3466e+05    +3.8502e+03   -1.0146e-04  |      ---           ---           ---     
n=06:                                9.3559e+05    -1.3284e+06   +6.1257e-04  |      ---           ---           ---     
