--- multipoles on reference trajectory (rz > 0) ---
effective_length:                   152.31352529554297 mm
perpendicular_grid:                 41 points in [-12.000000,+12.000000] mm
max_fitting_error_normal            0.042/1882.340 G/G
max_fitting_error_skew              141.628/141.628 G/G
r0_for_relative_multipoles          17.5 mm
main_monomial                       n = 0, skew:False
                                       Nn(s=0)      Integ_Nn     Nn/N0(@r0)   |    Sn(s=0)      Integ_Sn     Sn/S0(@r0)  
<multipole_order n>                    [T/m^n]      [T.m/m^n]        []       |    [T/m^n]      [T.m/m^n]        []      
n=00:                                2.6015e-01    -3.9427e-02   +1.0000e+00  |      ---           ---           ---     
n=01:                                1.7045e-03    +2.0223e-02   -8.9761e-03  |      ---           ---           ---     
n=02:                                6.1886e-02    +5.3631e-01   -4.1658e-03  |      ---           ---           ---     
n=03:                                5.6910e+00    -1.3374e+00   +1.8179e-04  |      ---           ---           ---     
n=04:                                8.2724e+02    +8.9440e-01   -2.1276e-06  |      ---           ---           ---     
n=05:                                5.9864e+04    +4.7277e+03   -1.9681e-04  |      ---           ---           ---     
n=06:                                2.7635e+06    +3.7794e+05   -2.7533e-04  |      ---           ---           ---     
