--- multipoles on reference trajectory (rz > 0) ---
effective_length:                   152.87776625180055 mm
perpendicular_grid:                 41 points in [-12.000000,+12.000000] mm
max_fitting_error_normal            0.068/3754.722 G/G
max_fitting_error_skew              259.997/259.997 G/G
r0_for_relative_multipoles          17.5 mm
main_monomial                       n = 0, skew:False
                                       Nn(s=0)      Integ_Nn     Nn/N0(@r0)   |    Sn(s=0)      Integ_Sn     Sn/S0(@r0)  
<multipole_order n>                    [T/m^n]      [T.m/m^n]        []       |    [T/m^n]      [T.m/m^n]        []      
n=00:                                4.7677e-01    -7.2522e-02   +1.0000e+00  |      ---           ---           ---     
n=01:                                1.0211e-03    +4.1022e-02   -9.8989e-03  |      ---           ---           ---     
n=02:                                4.0166e-02    +9.5738e-01   -4.0429e-03  |      ---           ---           ---     
n=03:                                1.0029e+00    -1.3615e+00   +1.0062e-04  |      ---           ---           ---     
n=04:                                5.8041e+02    +1.4145e+02   -1.8292e-04  |      ---           ---           ---     
n=05:                                9.2392e+04    -1.7014e+03   +3.8505e-05  |      ---           ---           ---     
n=06:                                2.4000e+05    +3.5728e+05   -1.4150e-04  |      ---           ---           ---     
