--- multipoles on reference trajectory (rz > 0) ---
effective_length:                   151.95924800015212 mm
perpendicular_grid:                 41 points in [-12.000000,+12.000000] mm
max_fitting_error_normal            0.019/1724.219 G/G
max_fitting_error_skew              94.878/94.878 G/G
r0_for_relative_multipoles          17.5 mm
main_monomial                       n = 0, skew:False
                                       Nn(s=0)      Integ_Nn     Nn/N0(@r0)   |    Sn(s=0)      Integ_Sn     Sn/S0(@r0)  
<multipole_order n>                    [T/m^n]      [T.m/m^n]        []       |    [T/m^n]      [T.m/m^n]        []      
n=00:                                1.7320e-01    -2.6187e-02   +1.0000e+00  |      ---           ---           ---     
n=01:                                3.6079e-04    +6.7943e-03   -4.5404e-03  |      ---           ---           ---     
n=02:                                1.5117e-01    +3.6652e-01   -4.2863e-03  |      ---           ---           ---     
n=03:                                7.6590e+00    +2.3776e+00   -4.8658e-04  |      ---           ---           ---     
n=04:                                1.0863e+03    -9.4128e+01   +3.3712e-04  |      ---           ---           ---     
n=05:                                3.3090e+04    -9.6878e+03   +6.0719e-04  |      ---           ---           ---     
n=06:                                4.8629e+06    +5.5103e+05   -6.0438e-04  |      ---           ---           ---     
