--- multipoles on reference trajectory (rz > 0) ---
effective_length:                   -20.0 mm
perpendicular_grid:                 41 points in [-12.000000,+12.000000] mm
max_fitting_error_normal            0.016/908.909 G/G
max_fitting_error_skew              71.566/71.566 G/G
r0_for_relative_multipoles          17.5 mm
main_monomial                       n = 0, skew:False
                                       Nn(s=0)      Integ_Nn     Nn/N0(@r0)   |    Sn(s=0)      Integ_Sn     Sn/S0(@r0)  
<multipole_order n>                    [T/m^n]      [T.m/m^n]        []       |    [T/m^n]      [T.m/m^n]        []      
n=00:                                1.2971e-01    -1.9624e-02   +1.0000e+00  |      ---           ---           ---     
n=01:                                5.9440e-04    +1.0356e-02   -9.2349e-03  |      ---           ---           ---     
n=02:                                6.9881e-02    +2.6885e-01   -4.1957e-03  |      ---           ---           ---     
n=03:                                6.1753e+00    -3.4868e-01   +9.5227e-05  |      ---           ---           ---     
n=04:                                1.1149e+02    -5.3682e+01   +2.5656e-04  |      ---           ---           ---     
n=05:                                5.0262e+04    +8.5812e+02   -7.1771e-05  |      ---           ---           ---     
n=06:                                8.2954e+03    +4.1801e+05   -6.1183e-04  |      ---           ---           ---     
