--- multipoles on reference trajectory (rz > 0) ---
effective_length:                   151.9438797902595 mm
perpendicular_grid:                 41 points in [-12.000000,+12.000000] mm
max_fitting_error_normal            0.034/3455.294 G/G
max_fitting_error_skew              190.529/190.529 G/G
r0_for_relative_multipoles          17.5 mm
main_monomial                       n = 0, skew:False
                                       Nn(s=0)      Integ_Nn     Nn/N0(@r0)   |    Sn(s=0)      Integ_Sn     Sn/S0(@r0)  
<multipole_order n>                    [T/m^n]      [T.m/m^n]        []       |    [T/m^n]      [T.m/m^n]        []      
n=00:                                3.4684e-01    -5.2436e-02   +1.0000e+00  |      ---           ---           ---     
n=01:                                1.6551e-03    +2.4333e-02   -8.1208e-03  |      ---           ---           ---     
n=02:                                1.7818e-01    +6.8972e-01   -4.0283e-03  |      ---           ---           ---     
n=03:                                1.8509e+01    -1.7235e+00   +1.7616e-04  |      ---           ---           ---     
n=04:                                8.7824e+01    -2.1015e+01   +3.7588e-05  |      ---           ---           ---     
n=05:                                1.3455e+05    +6.2409e+03   -1.9535e-04  |      ---           ---           ---     
n=06:                                7.4143e+06    +9.8094e+05   -5.3733e-04  |      ---           ---           ---     
