--- multipoles on reference trajectory (rz > 0) ---
effective_length:                   152.19725097384512 mm
perpendicular_grid:                 41 points in [-12.000000,+12.000000] mm
max_fitting_error_normal            0.030/1877.255 G/G
max_fitting_error_skew              141.628/141.628 G/G
r0_for_relative_multipoles          17.5 mm
main_monomial                       n = 0, skew:False
                                       Nn(s=0)      Integ_Nn     Nn/N0(@r0)   |    Sn(s=0)      Integ_Sn     Sn/S0(@r0)  
<multipole_order n>                    [T/m^n]      [T.m/m^n]        []       |    [T/m^n]      [T.m/m^n]        []      
n=00:                                2.6015e-01    -3.9397e-02   +1.0000e+00  |      ---           ---           ---     
n=01:                                1.7045e-03    +1.3806e-02   -6.1327e-03  |      ---           ---           ---     
n=02:                                6.1886e-02    +5.4238e-01   -4.2162e-03  |      ---           ---           ---     
n=03:                                5.6910e+00    -3.7334e-01   +5.0787e-05  |      ---           ---           ---     
n=04:                                8.2724e+02    -1.0105e+02   +2.4056e-04  |      ---           ---           ---     
n=05:                                5.9864e+04    +5.1166e+03   -2.1316e-04  |      ---           ---           ---     
n=06:                                2.7635e+06    +8.6493e+05   -6.3059e-04  |      ---           ---           ---     
