--- multipoles on reference trajectory (rz > 0) ---
effective_length:                   152.72064431519686 mm
perpendicular_grid:                 41 points in [-12.000000,+12.000000] mm
max_fitting_error_normal            0.032/2103.341 G/G
max_fitting_error_skew              165.336/165.336 G/G
r0_for_relative_multipoles          17.5 mm
main_monomial                       n = 0, skew:False
                                       Nn(s=0)      Integ_Nn     Nn/N0(@r0)   |    Sn(s=0)      Integ_Sn     Sn/S0(@r0)  
<multipole_order n>                    [T/m^n]      [T.m/m^n]        []       |    [T/m^n]      [T.m/m^n]        []      
n=00:                                3.0356e-01    -4.6128e-02   +1.0000e+00  |      ---           ---           ---     
n=01:                                2.3763e-04    +1.8416e-02   -6.9869e-03  |      ---           ---           ---     
n=02:                                1.7168e-02    +6.0838e-01   -4.0391e-03  |      ---           ---           ---     
n=03:                                8.1142e+00    -4.0136e-03   +4.6632e-07  |      ---           ---           ---     
n=04:                                2.6038e+02    +9.4069e+00   -1.9126e-05  |      ---           ---           ---     
n=05:                                7.9101e+02    -3.3386e+02   +1.1879e-05  |      ---           ---           ---     
n=06:                                1.1881e+06    +7.6602e+05   -4.7698e-04  |      ---           ---           ---     
