--- multipoles on reference trajectory (rz > 0) ---
effective_length:                   -20.0 mm
perpendicular_grid:                 41 points in [-12.000000,+12.000000] mm
max_fitting_error_normal            0.038/2355.591 G/G
max_fitting_error_skew              188.693/188.693 G/G
r0_for_relative_multipoles          17.5 mm
main_monomial                       n = 0, skew:False
                                       Nn(s=0)      Integ_Nn     Nn/N0(@r0)   |    Sn(s=0)      Integ_Sn     Sn/S0(@r0)  
<multipole_order n>                    [T/m^n]      [T.m/m^n]        []       |    [T/m^n]      [T.m/m^n]        []      
n=00:                                3.4684e-01    -5.2650e-02   +1.0000e+00  |      ---           ---           ---     
n=01:                                1.6551e-03    +2.3354e-02   -7.7624e-03  |      ---           ---           ---     
n=02:                                1.7818e-01    +6.7905e-01   -3.9498e-03  |      ---           ---           ---     
n=03:                                1.8509e+01    -3.8674e+00   +3.9368e-04  |      ---           ---           ---     
n=04:                                8.7824e+01    +1.0873e+02   -1.9369e-04  |      ---           ---           ---     
n=05:                                1.3455e+05    +1.3301e+04   -4.1466e-04  |      ---           ---           ---     
n=06:                                7.4143e+06    +2.9688e+05   -1.6196e-04  |      ---           ---           ---     
