--- multipoles on reference trajectory (rz > 0) ---
effective_length:                   -19.999999999999996 mm
perpendicular_grid:                 41 points in [-12.000000,+12.000000] mm
max_fitting_error_normal            0.053/3004.233 G/G
max_fitting_error_skew              235.684/235.684 G/G
r0_for_relative_multipoles          17.5 mm
main_monomial                       n = 0, skew:False
                                       Nn(s=0)      Integ_Nn     Nn/N0(@r0)   |    Sn(s=0)      Integ_Sn     Sn/S0(@r0)  
<multipole_order n>                    [T/m^n]      [T.m/m^n]        []       |    [T/m^n]      [T.m/m^n]        []      
n=00:                                4.3355e-01    +6.5597e-02   +1.0000e+00  |      ---           ---           ---     
n=01:                                2.0321e-03    +3.5056e-02   +9.3524e-03  |      ---           ---           ---     
n=02:                                3.3493e-02    -8.8401e-01   -4.1272e-03  |      ---           ---           ---     
n=03:                                1.8088e+01    +1.9349e-02   +1.5809e-06  |      ---           ---           ---     
n=04:                                5.2164e+02    -3.0458e+01   -4.3548e-05  |      ---           ---           ---     
n=05:                                1.0412e+02    -2.9809e+03   -7.4586e-05  |      ---           ---           ---     
n=06:                                1.8876e+05    -7.2904e+05   -3.1923e-04  |      ---           ---           ---     
