--- multipoles on reference trajectory (rz > 0) ---
effective_length:                   -20.0 mm
perpendicular_grid:                 41 points in [-12.000000,+12.000000] mm
max_fitting_error_normal            0.051/3068.972 G/G
max_fitting_error_skew              223.889/223.889 G/G
r0_for_relative_multipoles          17.5 mm
main_monomial                       n = 0, skew:False
                                       Nn(s=0)      Integ_Nn     Nn/N0(@r0)   |    Sn(s=0)      Integ_Sn     Sn/S0(@r0)  
<multipole_order n>                    [T/m^n]      [T.m/m^n]        []       |    [T/m^n]      [T.m/m^n]        []      
n=00:                                4.1194e-01    -6.2314e-02   +1.0000e+00  |      ---           ---           ---     
n=01:                                9.7759e-04    +3.1512e-02   -8.8496e-03  |      ---           ---           ---     
n=02:                                2.2139e-01    +7.7224e-01   -3.7953e-03  |      ---           ---           ---     
n=03:                                3.5453e+01    +1.1305e+00   -9.7233e-05  |      ---           ---           ---     
n=04:                                2.8124e+03    +8.0340e+02   -1.2092e-03  |      ---           ---           ---     
n=05:                                1.4242e+05    -1.0764e+04   +2.8352e-04  |      ---           ---           ---     
n=06:                                7.4391e+06    -2.2713e+06   +1.0469e-03  |      ---           ---           ---     
