--- multipoles on reference trajectory (rz > 0) ---
effective_length:                   152.02843151086577 mm
perpendicular_grid:                 41 points in [-12.000000,+12.000000] mm
max_fitting_error_normal            0.044/3459.872 G/G
max_fitting_error_skew              238.161/238.161 G/G
r0_for_relative_multipoles          17.5 mm
main_monomial                       n = 0, skew:False
                                       Nn(s=0)      Integ_Nn     Nn/N0(@r0)   |    Sn(s=0)      Integ_Sn     Sn/S0(@r0)  
<multipole_order n>                    [T/m^n]      [T.m/m^n]        []       |    [T/m^n]      [T.m/m^n]        []      
n=00:                                4.3346e-01    -6.5567e-02   +1.0000e+00  |      ---           ---           ---     
n=01:                                1.8299e-03    +3.5771e-02   -9.5474e-03  |      ---           ---           ---     
n=02:                                2.8279e-01    +8.7341e-01   -4.0795e-03  |      ---           ---           ---     
n=03:                                6.4960e+00    -3.8566e+00   +3.1523e-04  |      ---           ---           ---     
n=04:                                6.5398e+03    +2.7052e+02   -3.8696e-04  |      ---           ---           ---     
n=05:                                1.5082e+04    +1.5730e+04   -3.9377e-04  |      ---           ---           ---     
n=06:                                2.3721e+07    -3.8942e+05   +1.7059e-04  |      ---           ---           ---     
