--- multipoles on reference trajectory (rz > 0) ---
effective_length:                   -19.999999999999996 mm
perpendicular_grid:                 41 points in [-12.000000,+12.000000] mm
max_fitting_error_normal            0.048/3012.610 G/G
max_fitting_error_skew              223.890/223.890 G/G
r0_for_relative_multipoles          17.5 mm
main_monomial                       n = 0, skew:False
                                       Nn(s=0)      Integ_Nn     Nn/N0(@r0)   |    Sn(s=0)      Integ_Sn     Sn/S0(@r0)  
<multipole_order n>                    [T/m^n]      [T.m/m^n]        []       |    [T/m^n]      [T.m/m^n]        []      
n=00:                                4.1195e-01    +6.2330e-02   +1.0000e+00  |      ---           ---           ---     
n=01:                                8.8858e-04    +3.3320e-02   +9.3550e-03  |      ---           ---           ---     
n=02:                                2.6148e-01    -8.4006e-01   -4.1275e-03  |      ---           ---           ---     
n=03:                                2.8571e+00    +1.5101e+00   +1.2985e-04  |      ---           ---           ---     
n=04:                                1.6460e+03    +1.3171e+01   +1.9819e-05  |      ---           ---           ---     
n=05:                                1.1742e+05    -4.3691e+03   -1.1505e-04  |      ---           ---           ---     
n=06:                                8.0165e+06    -8.7232e+05   -4.0198e-04  |      ---           ---           ---     
