--- multipoles on reference trajectory (rz > 0) ---
effective_length:                   -20.000000000000004 mm
perpendicular_grid:                 41 points in [-12.000000,+12.000000] mm
max_fitting_error_normal            0.045/2458.958 G/G
max_fitting_error_skew              165.044/165.044 G/G
r0_for_relative_multipoles          17.5 mm
main_monomial                       n = 0, skew:False
                                       Nn(s=0)      Integ_Nn     Nn/N0(@r0)   |    Sn(s=0)      Integ_Sn     Sn/S0(@r0)  
<multipole_order n>                    [T/m^n]      [T.m/m^n]        []       |    [T/m^n]      [T.m/m^n]        []      
n=00:                                3.0357e-01    +4.5924e-02   +1.0000e+00  |      ---           ---           ---     
n=01:                                2.4386e-05    +2.4623e-02   +9.3828e-03  |      ---           ---           ---     
n=02:                                3.4932e-01    -6.3015e-01   -4.2022e-03  |      ---           ---           ---     
n=03:                                1.9072e+01    +1.2157e+00   +1.4188e-04  |      ---           ---           ---     
n=04:                                3.0359e+03    -5.9701e+01   -1.2193e-04  |      ---           ---           ---     
n=05:                                8.4026e+04    -8.6547e+03   -3.0932e-04  |      ---           ---           ---     
n=06:                                1.1023e+07    +2.9570e+04   +1.8495e-05  |      ---           ---           ---     
