--- multipoles on reference trajectory (rz > 0) ---
effective_length:                   -20.0 mm
perpendicular_grid:                 41 points in [-12.000000,+12.000000] mm
max_fitting_error_normal            0.022/1476.629 G/G
max_fitting_error_skew              118.241/118.241 G/G
r0_for_relative_multipoles          17.5 mm
main_monomial                       n = 0, skew:False
                                       Nn(s=0)      Integ_Nn     Nn/N0(@r0)   |    Sn(s=0)      Integ_Sn     Sn/S0(@r0)  
<multipole_order n>                    [T/m^n]      [T.m/m^n]        []       |    [T/m^n]      [T.m/m^n]        []      
n=00:                                2.1669e-01    -3.2820e-02   +1.0000e+00  |      ---           ---           ---     
n=01:                                5.2784e-04    +1.0509e-02   -5.6038e-03  |      ---           ---           ---     
n=02:                                2.3366e-01    +4.6195e-01   -4.3106e-03  |      ---           ---           ---     
n=03:                                8.5345e+00    +1.6332e-01   -2.6669e-05  |      ---           ---           ---     
n=04:                                1.5201e+03    -7.0733e+01   +2.0213e-04  |      ---           ---           ---     
n=05:                                5.0772e+04    +1.7223e+03   -8.6129e-05  |      ---           ---           ---     
n=06:                                5.4446e+06    +2.0773e+05   -1.8180e-04  |      ---           ---           ---     
