--- multipoles on reference trajectory (rz > 0) ---
effective_length:                   152.08666390176262 mm
perpendicular_grid:                 41 points in [-12.000000,+12.000000] mm
max_fitting_error_normal            0.043/3660.467 G/G
max_fitting_error_skew              286.067/286.067 G/G
r0_for_relative_multipoles          17.5 mm
main_monomial                       n = 0, skew:False
                                       Nn(s=0)      Integ_Nn     Nn/N0(@r0)   |    Sn(s=0)      Integ_Sn     Sn/S0(@r0)  
<multipole_order n>                    [T/m^n]      [T.m/m^n]        []       |    [T/m^n]      [T.m/m^n]        []      
n=00:                                5.1977e-01    -7.8653e-02   +1.0000e+00  |      ---           ---           ---     
n=01:                                8.6888e-04    +4.9182e-02   -1.0943e-02  |      ---           ---           ---     
n=02:                                4.1860e-02    +1.0517e+00   -4.0951e-03  |      ---           ---           ---     
n=03:                                3.6233e-01    -3.7416e+00   +2.5495e-04  |      ---           ---           ---     
n=04:                                2.5196e+03    +2.0949e+02   -2.4981e-04  |      ---           ---           ---     
n=05:                                6.4292e+04    +6.3748e+03   -1.3303e-04  |      ---           ---           ---     
n=06:                                6.3676e+06    +2.1392e+05   -7.8120e-05  |      ---           ---           ---     
