--- multipoles on reference trajectory (rz > 0) ---
effective_length:                   -19.999999999999996 mm
perpendicular_grid:                 41 points in [-12.000000,+12.000000] mm
max_fitting_error_normal            0.019/1149.635 G/G
max_fitting_error_skew              71.624/71.624 G/G
r0_for_relative_multipoles          17.5 mm
main_monomial                       n = 0, skew:False
                                       Nn(s=0)      Integ_Nn     Nn/N0(@r0)   |    Sn(s=0)      Integ_Sn     Sn/S0(@r0)  
<multipole_order n>                    [T/m^n]      [T.m/m^n]        []       |    [T/m^n]      [T.m/m^n]        []      
n=00:                                1.2976e-01    +1.9577e-02   +1.0000e+00  |      ---           ---           ---     
n=01:                                2.2359e-04    +1.0563e-02   +9.4423e-03  |      ---           ---           ---     
n=02:                                2.3159e-02    -2.7234e-01   -4.2604e-03  |      ---           ---           ---     
n=03:                                8.0593e+00    -1.0607e+00   -2.9036e-04  |      ---           ---           ---     
n=04:                                1.6551e+02    +5.8112e+01   +2.7840e-04  |      ---           ---           ---     
n=05:                                5.3686e+04    +3.4478e+03   +2.8906e-04  |      ---           ---           ---     
n=06:                                2.5875e+06    -4.0562e+05   -5.9511e-04  |      ---           ---           ---     
