--- multipoles on reference trajectory (rz > 0) ---
effective_length:                   -19.999999999999996 mm
perpendicular_grid:                 41 points in [-12.000000,+12.000000] mm
max_fitting_error_normal            0.071/3840.160 G/G
max_fitting_error_skew              247.816/247.816 G/G
r0_for_relative_multipoles          17.5 mm
main_monomial                       n = 0, skew:False
                                       Nn(s=0)      Integ_Nn     Nn/N0(@r0)   |    Sn(s=0)      Integ_Sn     Sn/S0(@r0)  
<multipole_order n>                    [T/m^n]      [T.m/m^n]        []       |    [T/m^n]      [T.m/m^n]        []      
n=00:                                4.5509e-01    -6.9113e-02   +1.0000e+00  |      ---           ---           ---     
n=01:                                1.8116e-03    +3.7316e-02   -9.4487e-03  |      ---           ---           ---     
n=02:                                3.5203e-01    +8.9490e-01   -3.9655e-03  |      ---           ---           ---     
n=03:                                6.2470e+01    +2.8832e+00   -2.2358e-04  |      ---           ---           ---     
n=04:                                5.4945e+03    +2.2703e+02   -3.0809e-04  |      ---           ---           ---     
n=05:                                2.3702e+05    -2.2405e+04   +5.3207e-04  |      ---           ---           ---     
n=06:                                2.8035e+07    +2.5117e+05   -1.0439e-04  |      ---           ---           ---     
