--- multipoles on reference trajectory (rz > 0) ---
effective_length:                   152.83765521688878 mm
perpendicular_grid:                 41 points in [-12.000000,+12.000000] mm
max_fitting_error_normal            0.121/4545.700 G/G
max_fitting_error_skew              307.706/307.706 G/G
r0_for_relative_multipoles          17.5 mm
main_monomial                       n = 0, skew:False
                                       Nn(s=0)      Integ_Nn     Nn/N0(@r0)   |    Sn(s=0)      Integ_Sn     Sn/S0(@r0)  
<multipole_order n>                    [T/m^n]      [T.m/m^n]        []       |    [T/m^n]      [T.m/m^n]        []      
n=00:                                5.6299e-01    +8.5614e-02   +1.0000e+00  |      ---           ---           ---     
n=01:                                1.5379e-03    +4.6402e-02   +9.4849e-03  |      ---           ---           ---     
n=02:                                3.3776e-01    -1.1821e+00   -4.2287e-03  |      ---           ---           ---     
n=03:                                1.1863e+01    -3.7433e-01   -2.3433e-05  |      ---           ---           ---     
n=04:                                1.7913e+03    +1.9664e+02   +2.1541e-04  |      ---           ---           ---     
n=05:                                9.4692e+04    -9.4639e+02   -1.8143e-05  |      ---           ---           ---     
n=06:                                1.2191e+07    -1.3063e+06   -4.3827e-04  |      ---           ---           ---     
