--- multipoles on reference trajectory (rz > 0) ---
effective_length:                   149.7627776093918 mm
perpendicular_grid:                 41 points in [-12.000000,+12.000000] mm
max_fitting_error_normal            0.007/364.883 G/G
max_fitting_error_skew              25.276/25.276 G/G
r0_for_relative_multipoles          17.5 mm
main_monomial                       n = 0, skew:False
                                       Nn(s=0)      Integ_Nn     Nn/N0(@r0)   |    Sn(s=0)      Integ_Sn     Sn/S0(@r0)  
<multipole_order n>                    [T/m^n]      [T.m/m^n]        []       |    [T/m^n]      [T.m/m^n]        []      
n=00:                                4.2816e-02    -6.3799e-03   +1.0000e+00  |      ---           ---           ---     
n=01:                                3.2617e-04    +3.5198e-03   -9.6549e-03  |      ---           ---           ---     
n=02:                                2.6490e-02    +9.0458e-02   -4.3422e-03  |      ---           ---           ---     
n=03:                                4.4075e+00    -7.6387e-02   +6.4168e-05  |      ---           ---           ---     
n=04:                                1.3872e+02    -4.9429e+01   +7.2663e-04  |      ---           ---           ---     
n=05:                                2.9005e+04    -6.0464e+00   +1.5555e-06  |      ---           ---           ---     
n=06:                                5.3655e+05    +2.4046e+05   -1.0826e-03  |      ---           ---           ---     
