--- multipoles on reference trajectory (rz > 0) ---
effective_length:                   -20.0 mm
perpendicular_grid:                 41 points in [-12.000000,+12.000000] mm
max_fitting_error_normal            0.007/428.401 G/G
max_fitting_error_skew              25.082/25.082 G/G
r0_for_relative_multipoles          17.5 mm
main_monomial                       n = 0, skew:False
                                       Nn(s=0)      Integ_Nn     Nn/N0(@r0)   |    Sn(s=0)      Integ_Sn     Sn/S0(@r0)  
<multipole_order n>                    [T/m^n]      [T.m/m^n]        []       |    [T/m^n]      [T.m/m^n]        []      
n=00:                                4.2841e-02    -6.3885e-03   +1.0000e+00  |      ---           ---           ---     
n=01:                                4.1073e-04    +3.4330e-03   -9.4040e-03  |      ---           ---           ---     
n=02:                                1.0923e-02    +8.5127e-02   -4.0808e-03  |      ---           ---           ---     
n=03:                                3.8653e-01    +1.6281e-01   -1.3658e-04  |      ---           ---           ---     
n=04:                                4.1303e+02    +7.2175e+01   -1.0596e-03  |      ---           ---           ---     
n=05:                                1.0093e+03    -1.4913e+03   +3.8315e-04  |      ---           ---           ---     
n=06:                                2.3108e+06    -2.6079e+05   +1.1725e-03  |      ---           ---           ---     
