--- multipoles on reference trajectory (rz > 0) ---
effective_length:                   152.84138168487232 mm
perpendicular_grid:                 41 points in [-12.000000,+12.000000] mm
max_fitting_error_normal            0.074/3754.615 G/G
max_fitting_error_skew              259.997/259.997 G/G
r0_for_relative_multipoles          17.5 mm
main_monomial                       n = 0, skew:False
                                       Nn(s=0)      Integ_Nn     Nn/N0(@r0)   |    Sn(s=0)      Integ_Sn     Sn/S0(@r0)  
<multipole_order n>                    [T/m^n]      [T.m/m^n]        []       |    [T/m^n]      [T.m/m^n]        []      
n=00:                                4.7677e-01    -7.2505e-02   +1.0000e+00  |      ---           ---           ---     
n=01:                                1.0211e-03    +3.7908e-02   -9.1497e-03  |      ---           ---           ---     
n=02:                                4.0166e-02    +9.5598e-01   -4.0379e-03  |      ---           ---           ---     
n=03:                                1.0029e+00    -7.6907e-01   +5.6848e-05  |      ---           ---           ---     
n=04:                                5.8041e+02    +1.0267e+02   -1.3281e-04  |      ---           ---           ---     
n=05:                                9.2392e+04    -1.9621e+03   +4.4418e-05  |      ---           ---           ---     
n=06:                                2.4000e+05    +5.2783e+05   -2.0910e-04  |      ---           ---           ---     
