--- multipoles on reference trajectory (rz > 0) ---
effective_length:                   -20.000000000000004 mm
perpendicular_grid:                 41 points in [-12.000000,+12.000000] mm
max_fitting_error_normal            0.057/4030.758 G/G
max_fitting_error_skew              307.073/307.073 G/G
r0_for_relative_multipoles          17.5 mm
main_monomial                       n = 0, skew:False
                                       Nn(s=0)      Integ_Nn     Nn/N0(@r0)   |    Sn(s=0)      Integ_Sn     Sn/S0(@r0)  
<multipole_order n>                    [T/m^n]      [T.m/m^n]        []       |    [T/m^n]      [T.m/m^n]        []      
n=00:                                5.6299e-01    +8.5155e-02   +1.0000e+00  |      ---           ---           ---     
n=01:                                1.5379e-03    +4.5744e-02   +9.4007e-03  |      ---           ---           ---     
n=02:                                3.3776e-01    -1.1785e+00   -4.2383e-03  |      ---           ---           ---     
n=03:                                1.1863e+01    +2.2713e-01   +1.4295e-05  |      ---           ---           ---     
n=04:                                1.7913e+03    -8.6599e+01   -9.5380e-05  |      ---           ---           ---     
n=05:                                9.4692e+04    -4.1905e+03   -8.0770e-05  |      ---           ---           ---     
n=06:                                1.2191e+07    +1.8843e+05   +6.3557e-05  |      ---           ---           ---     
