--- multipoles on reference trajectory (rz > 0) ---
effective_length:                   152.43335077578647 mm
perpendicular_grid:                 41 points in [-12.000000,+12.000000] mm
max_fitting_error_normal            0.076/3737.495 G/G
max_fitting_error_skew              259.687/259.687 G/G
r0_for_relative_multipoles          17.5 mm
main_monomial                       n = 0, skew:False
                                       Nn(s=0)      Integ_Nn     Nn/N0(@r0)   |    Sn(s=0)      Integ_Sn     Sn/S0(@r0)  
<multipole_order n>                    [T/m^n]      [T.m/m^n]        []       |    [T/m^n]      [T.m/m^n]        []      
n=00:                                4.7712e-01    -7.2366e-02   +1.0000e+00  |      ---           ---           ---     
n=01:                                7.3140e-04    +4.0031e-02   -9.6805e-03  |      ---           ---           ---     
n=02:                                1.3025e-01    +9.5565e-01   -4.0443e-03  |      ---           ---           ---     
n=03:                                1.9118e+01    +6.7865e-01   -5.0260e-05  |      ---           ---           ---     
n=04:                                1.6682e+03    +3.3906e+02   -4.3944e-04  |      ---           ---           ---     
n=05:                                5.7000e+04    -1.0561e+04   +2.3953e-04  |      ---           ---           ---     
n=06:                                1.0258e+07    -8.7448e+05   +3.4709e-04  |      ---           ---           ---     
