--- multipoles on reference trajectory (rz > 0) ---
effective_length:                   152.87718019743744 mm
perpendicular_grid:                 41 points in [-12.000000,+12.000000] mm
max_fitting_error_normal            0.068/3043.788 G/G
max_fitting_error_skew              224.362/224.362 G/G
r0_for_relative_multipoles          17.5 mm
main_monomial                       n = 0, skew:False
                                       Nn(s=0)      Integ_Nn     Nn/N0(@r0)   |    Sn(s=0)      Integ_Sn     Sn/S0(@r0)  
<multipole_order n>                    [T/m^n]      [T.m/m^n]        []       |    [T/m^n]      [T.m/m^n]        []      
n=00:                                4.1195e-01    +6.2662e-02   +1.0000e+00  |      ---           ---           ---     
n=01:                                8.8858e-04    +3.4007e-02   +9.4974e-03  |      ---           ---           ---     
n=02:                                2.6148e-01    -8.2426e-01   -4.0284e-03  |      ---           ---           ---     
n=03:                                2.8571e+00    +5.7788e-01   +4.9425e-05  |      ---           ---           ---     
n=04:                                1.6460e+03    -6.0765e+01   -9.0950e-05  |      ---           ---           ---     
n=05:                                1.1742e+05    -3.4358e+03   -8.9994e-05  |      ---           ---           ---     
n=06:                                8.0165e+06    -7.1074e+05   -3.2579e-04  |      ---           ---           ---     
