--- multipoles on reference trajectory (rz > 0) ---
effective_length:                   152.81552898095893 mm
perpendicular_grid:                 41 points in [-12.000000,+12.000000] mm
max_fitting_error_normal            0.039/2296.350 G/G
max_fitting_error_skew              165.336/165.336 G/G
r0_for_relative_multipoles          17.5 mm
main_monomial                       n = 0, skew:False
                                       Nn(s=0)      Integ_Nn     Nn/N0(@r0)   |    Sn(s=0)      Integ_Sn     Sn/S0(@r0)  
<multipole_order n>                    [T/m^n]      [T.m/m^n]        []       |    [T/m^n]      [T.m/m^n]        []      
n=00:                                3.0356e-01    -4.6156e-02   +1.0000e+00  |      ---           ---           ---     
n=01:                                2.3763e-04    +2.4069e-02   -9.1258e-03  |      ---           ---           ---     
n=02:                                1.7168e-02    +6.0647e-01   -4.0240e-03  |      ---           ---           ---     
n=03:                                8.1142e+00    -8.7933e-01   +1.0210e-04  |      ---           ---           ---     
n=04:                                2.6038e+02    +1.1411e+02   -2.3188e-04  |      ---           ---           ---     
n=05:                                7.9101e+02    -6.5143e+02   +2.3165e-05  |      ---           ---           ---     
n=06:                                1.1881e+06    +1.7987e+05   -1.1193e-04  |      ---           ---           ---     
