--- multipoles on reference trajectory (rz > 0) ---
effective_length:                   152.02581791625272 mm
perpendicular_grid:                 41 points in [-12.000000,+12.000000] mm
max_fitting_error_normal            0.048/3022.491 G/G
max_fitting_error_skew              214.314/214.314 G/G
r0_for_relative_multipoles          17.5 mm
main_monomial                       n = 0, skew:False
                                       Nn(s=0)      Integ_Nn     Nn/N0(@r0)   |    Sn(s=0)      Integ_Sn     Sn/S0(@r0)  
<multipole_order n>                    [T/m^n]      [T.m/m^n]        []       |    [T/m^n]      [T.m/m^n]        []      
n=00:                                3.9015e-01    -5.9016e-02   +1.0000e+00  |      ---           ---           ---     
n=01:                                2.0018e-03    +3.2126e-02   -9.5264e-03  |      ---           ---           ---     
n=02:                                2.0110e-01    +7.9443e-01   -4.1225e-03  |      ---           ---           ---     
n=03:                                2.5045e-01    -1.9042e+00   +1.7293e-04  |      ---           ---           ---     
n=04:                                6.1124e+03    +1.2280e+02   -1.9515e-04  |      ---           ---           ---     
n=05:                                2.9912e+04    +5.8798e+03   -1.6352e-04  |      ---           ---           ---     
n=06:                                2.6338e+07    -4.5041e+04   +2.1921e-05  |      ---           ---           ---     
