--- multipoles on reference trajectory (rz > 0) ---
effective_length:                   -20.000000000000004 mm
perpendicular_grid:                 41 points in [-12.000000,+12.000000] mm
max_fitting_error_normal            0.057/3330.240 G/G
max_fitting_error_skew              283.227/283.227 G/G
r0_for_relative_multipoles          17.5 mm
main_monomial                       n = 0, skew:False
                                       Nn(s=0)      Integ_Nn     Nn/N0(@r0)   |    Sn(s=0)      Integ_Sn     Sn/S0(@r0)  
<multipole_order n>                    [T/m^n]      [T.m/m^n]        []       |    [T/m^n]      [T.m/m^n]        []      
n=00:                                5.1994e-01    -7.8644e-02   +1.0000e+00  |      ---           ---           ---     
n=01:                                3.9642e-03    +4.1752e-02   -9.2909e-03  |      ---           ---           ---     
n=02:                                3.3482e-01    +1.0936e+00   -4.2587e-03  |      ---           ---           ---     
n=03:                                3.1085e+01    -4.7357e+00   +3.2273e-04  |      ---           ---           ---     
n=04:                                5.2409e+03    -4.4743e+02   +5.3360e-04  |      ---           ---           ---     
n=05:                                1.7305e+05    +9.9734e+03   -2.0815e-04  |      ---           ---           ---     
n=06:                                2.8754e+07    +2.9031e+06   -1.0603e-03  |      ---           ---           ---     
