--- multipoles on reference trajectory (rz > 0) ---
effective_length:                   151.8786666111786 mm
perpendicular_grid:                 41 points in [-12.000000,+12.000000] mm
max_fitting_error_normal            0.018/1761.548 G/G
max_fitting_error_skew              119.513/119.513 G/G
r0_for_relative_multipoles          17.5 mm
main_monomial                       n = 0, skew:False
                                       Nn(s=0)      Integ_Nn     Nn/N0(@r0)   |    Sn(s=0)      Integ_Sn     Sn/S0(@r0)  
<multipole_order n>                    [T/m^n]      [T.m/m^n]        []       |    [T/m^n]      [T.m/m^n]        []      
n=00:                                2.1660e-01    -3.2731e-02   +1.0000e+00  |      ---           ---           ---     
n=01:                                5.3944e-04    +1.7807e-02   -9.5205e-03  |      ---           ---           ---     
n=02:                                2.0590e-01    +4.3208e-01   -4.0428e-03  |      ---           ---           ---     
n=03:                                1.0928e+00    -7.1074e-01   +1.1638e-04  |      ---           ---           ---     
n=04:                                2.2456e+03    +8.5497e+00   -2.4499e-05  |      ---           ---           ---     
n=05:                                2.7797e+04    +1.9651e+01   -9.8539e-07  |      ---           ---           ---     
n=06:                                5.7663e+06    +4.4638e+05   -3.9171e-04  |      ---           ---           ---     
