--- multipoles on reference trajectory (rz > 0) ---
effective_length:                   -20.000000000000004 mm
perpendicular_grid:                 41 points in [-12.000000,+12.000000] mm
max_fitting_error_normal            0.018/2600.421 G/G
max_fitting_error_skew              141.714/141.714 G/G
r0_for_relative_multipoles          17.5 mm
main_monomial                       n = 0, skew:False
                                       Nn(s=0)      Integ_Nn     Nn/N0(@r0)   |    Sn(s=0)      Integ_Sn     Sn/S0(@r0)  
<multipole_order n>                    [T/m^n]      [T.m/m^n]        []       |    [T/m^n]      [T.m/m^n]        []      
n=00:                                2.6004e-01    -3.9446e-02   +1.0000e+00  |      ---           ---           ---     
n=01:                                9.0675e-04    +1.4173e-02   -6.2876e-03  |      ---           ---           ---     
n=02:                                2.6676e-01    +4.9777e-01   -3.8646e-03  |      ---           ---           ---     
n=03:                                1.4616e+01    +4.1542e-01   -5.6442e-05  |      ---           ---           ---     
n=04:                                4.4414e+03    +3.8976e+02   -9.2671e-04  |      ---           ---           ---     
n=05:                                4.6332e+04    -2.4049e+03   +1.0006e-04  |      ---           ---           ---     
n=06:                                1.6377e+07    -1.1290e+06   +8.2210e-04  |      ---           ---           ---     
