--- multipoles on reference trajectory (rz > 0) ---
effective_length:                   149.4886451504627 mm
perpendicular_grid:                 41 points in [-12.000000,+12.000000] mm
max_fitting_error_normal            0.008/424.163 G/G
max_fitting_error_skew              25.272/25.272 G/G
r0_for_relative_multipoles          17.5 mm
main_monomial                       n = 0, skew:False
                                       Nn(s=0)      Integ_Nn     Nn/N0(@r0)   |    Sn(s=0)      Integ_Sn     Sn/S0(@r0)  
<multipole_order n>                    [T/m^n]      [T.m/m^n]        []       |    [T/m^n]      [T.m/m^n]        []      
n=00:                                4.2816e-02    -6.3682e-03   +1.0000e+00  |      ---           ---           ---     
n=01:                                3.2617e-04    +1.1503e-03   -3.1611e-03  |      ---           ---           ---     
n=02:                                2.6490e-02    +8.9777e-02   -4.3174e-03  |      ---           ---           ---     
n=03:                                4.4075e+00    -2.8904e-01   +2.4325e-04  |      ---           ---           ---     
n=04:                                1.3872e+02    -5.6522e+00   +8.3243e-05  |      ---           ---           ---     
n=05:                                2.9005e+04    +3.4786e+03   -8.9655e-04  |      ---           ---           ---     
n=06:                                5.3655e+05    +6.0445e+04   -2.7263e-04  |      ---           ---           ---     
