--- multipoles on reference trajectory (rz > 0) ---
effective_length:                   152.87382098560545 mm
perpendicular_grid:                 41 points in [-12.000000,+12.000000] mm
max_fitting_error_normal            0.081/3220.376 G/G
max_fitting_error_skew              236.177/236.177 G/G
r0_for_relative_multipoles          17.5 mm
main_monomial                       n = 0, skew:False
                                       Nn(s=0)      Integ_Nn     Nn/N0(@r0)   |    Sn(s=0)      Integ_Sn     Sn/S0(@r0)  
<multipole_order n>                    [T/m^n]      [T.m/m^n]        []       |    [T/m^n]      [T.m/m^n]        []      
n=00:                                4.3355e-01    +6.5946e-02   +1.0000e+00  |      ---           ---           ---     
n=01:                                2.0321e-03    +3.5683e-02   +9.4692e-03  |      ---           ---           ---     
n=02:                                3.3493e-02    -8.6744e-01   -4.0283e-03  |      ---           ---           ---     
n=03:                                1.8088e+01    -2.4902e-01   -2.0238e-05  |      ---           ---           ---     
n=04:                                5.2164e+02    -1.4517e+02   -2.0647e-04  |      ---           ---           ---     
n=05:                                1.0412e+02    -4.5606e+03   -1.1351e-04  |      ---           ---           ---     
n=06:                                1.8876e+05    -2.2156e+05   -9.6501e-05  |      ---           ---           ---     
