--- multipoles on reference trajectory (rz > 0) ---
effective_length:                   152.38274730568244 mm
perpendicular_grid:                 41 points in [-12.000000,+12.000000] mm
max_fitting_error_normal            0.101/4069.919 G/G
max_fitting_error_skew              307.507/307.507 G/G
r0_for_relative_multipoles          17.5 mm
main_monomial                       n = 0, skew:False
                                       Nn(s=0)      Integ_Nn     Nn/N0(@r0)   |    Sn(s=0)      Integ_Sn     Sn/S0(@r0)  
<multipole_order n>                    [T/m^n]      [T.m/m^n]        []       |    [T/m^n]      [T.m/m^n]        []      
n=00:                                5.6351e-01    -8.5439e-02   +1.0000e+00  |      ---           ---           ---     
n=01:                                9.7124e-04    +4.3705e-02   -8.9519e-03  |      ---           ---           ---     
n=02:                                2.2176e-01    +1.0870e+00   -3.8965e-03  |      ---           ---           ---     
n=03:                                5.1134e+01    +3.7688e-01   -2.3641e-05  |      ---           ---           ---     
n=04:                                3.0304e+03    +6.2049e+02   -6.8113e-04  |      ---           ---           ---     
n=05:                                2.2343e+05    -1.1178e+04   +2.1474e-04  |      ---           ---           ---     
n=06:                                1.6292e+07    -1.3932e+06   +4.6836e-04  |      ---           ---           ---     
