--- multipoles on reference trajectory (rz > 0) ---
effective_length:                   -20.0 mm
perpendicular_grid:                 41 points in [-12.000000,+12.000000] mm
max_fitting_error_normal            0.032/1585.149 G/G
max_fitting_error_skew              118.316/118.316 G/G
r0_for_relative_multipoles          17.5 mm
main_monomial                       n = 0, skew:False
                                       Nn(s=0)      Integ_Nn     Nn/N0(@r0)   |    Sn(s=0)      Integ_Sn     Sn/S0(@r0)  
<multipole_order n>                    [T/m^n]      [T.m/m^n]        []       |    [T/m^n]      [T.m/m^n]        []      
n=00:                                2.1660e-01    -3.2836e-02   +1.0000e+00  |      ---           ---           ---     
n=01:                                5.3944e-04    +1.0400e-02   -5.5428e-03  |      ---           ---           ---     
n=02:                                2.0590e-01    +4.0955e-01   -3.8197e-03  |      ---           ---           ---     
n=03:                                1.0928e+00    -3.4874e-01   +5.6919e-05  |      ---           ---           ---     
n=04:                                2.2456e+03    +1.8731e+02   -5.3501e-04  |      ---           ---           ---     
n=05:                                2.7797e+04    +1.7996e+03   -8.9950e-05  |      ---           ---           ---     
n=06:                                5.7663e+06    -1.0282e+05   +8.9944e-05  |      ---           ---           ---     
