--- multipoles on reference trajectory (rz > 0) ---
effective_length:                   152.70208886753517 mm
perpendicular_grid:                 41 points in [-12.000000,+12.000000] mm
max_fitting_error_normal            0.035/1741.656 G/G
max_fitting_error_skew              118.414/118.414 G/G
r0_for_relative_multipoles          17.5 mm
main_monomial                       n = 0, skew:False
                                       Nn(s=0)      Integ_Nn     Nn/N0(@r0)   |    Sn(s=0)      Integ_Sn     Sn/S0(@r0)  
<multipole_order n>                    [T/m^n]      [T.m/m^n]        []       |    [T/m^n]      [T.m/m^n]        []      
n=00:                                2.1668e-01    -3.2921e-02   +1.0000e+00  |      ---           ---           ---     
n=01:                                6.5249e-04    +1.7199e-02   -9.1426e-03  |      ---           ---           ---     
n=02:                                3.1503e-02    +4.3040e-01   -4.0038e-03  |      ---           ---           ---     
n=03:                                3.8772e+00    -1.1682e+00   +1.9017e-04  |      ---           ---           ---     
n=04:                                4.8271e+02    +1.3508e+02   -3.8483e-04  |      ---           ---           ---     
n=05:                                3.4449e+04    +2.5920e+03   -1.2923e-04  |      ---           ---           ---     
n=06:                                2.6581e+06    -3.1470e+05   +2.7457e-04  |      ---           ---           ---     
