--- multipoles on reference trajectory (rz > 0) ---
effective_length:                   152.83745384871193 mm
perpendicular_grid:                 41 points in [-12.000000,+12.000000] mm
max_fitting_error_normal            0.063/2529.694 G/G
max_fitting_error_skew              188.897/188.897 G/G
r0_for_relative_multipoles          17.5 mm
main_monomial                       n = 0, skew:False
                                       Nn(s=0)      Integ_Nn     Nn/N0(@r0)   |    Sn(s=0)      Integ_Sn     Sn/S0(@r0)  
<multipole_order n>                    [T/m^n]      [T.m/m^n]        []       |    [T/m^n]      [T.m/m^n]        []      
n=00:                                3.4697e-01    -5.2765e-02   +1.0000e+00  |      ---           ---           ---     
n=01:                                9.7346e-04    +2.7425e-02   -9.0959e-03  |      ---           ---           ---     
n=02:                                4.1671e-01    +7.2371e-01   -4.2005e-03  |      ---           ---           ---     
n=03:                                5.2705e+00    +9.0465e-01   -9.1886e-05  |      ---           ---           ---     
n=04:                                4.2488e+03    -1.6260e+02   +2.8902e-04  |      ---           ---           ---     
n=05:                                5.8074e+04    -7.5551e+03   +2.3501e-04  |      ---           ---           ---     
n=06:                                1.7050e+07    +1.0092e+06   -5.4935e-04  |      ---           ---           ---     
