--- multipoles on reference trajectory (rz > 0) ---
effective_length:                   -20.000000000000004 mm
perpendicular_grid:                 41 points in [-12.000000,+12.000000] mm
max_fitting_error_normal            0.064/4417.017 G/G
max_fitting_error_skew              307.073/307.073 G/G
r0_for_relative_multipoles          17.5 mm
main_monomial                       n = 0, skew:False
                                       Nn(s=0)      Integ_Nn     Nn/N0(@r0)   |    Sn(s=0)      Integ_Sn     Sn/S0(@r0)  
<multipole_order n>                    [T/m^n]      [T.m/m^n]        []       |    [T/m^n]      [T.m/m^n]        []      
n=00:                                5.6297e-01    -8.5143e-02   +1.0000e+00  |      ---           ---           ---     
n=01:                                4.4941e-03    +4.5117e-02   -9.2733e-03  |      ---           ---           ---     
n=02:                                1.5869e-01    +1.1223e+00   -4.0369e-03  |      ---           ---           ---     
n=03:                                3.1601e+01    -3.8583e+00   +2.4287e-04  |      ---           ---           ---     
n=04:                                4.2477e+03    +5.5542e+02   -6.1182e-04  |      ---           ---           ---     
n=05:                                1.2822e+05    +3.4805e+03   -6.7095e-05  |      ---           ---           ---     
n=06:                                1.8160e+07    -1.5794e+06   +5.3281e-04  |      ---           ---           ---     
