--- multipoles on reference trajectory (rz > 0) ---
effective_length:                   152.84886539191277 mm
perpendicular_grid:                 41 points in [-12.000000,+12.000000] mm
max_fitting_error_normal            0.080/3634.740 G/G
max_fitting_error_skew              236.178/236.178 G/G
r0_for_relative_multipoles          17.5 mm
main_monomial                       n = 0, skew:False
                                       Nn(s=0)      Integ_Nn     Nn/N0(@r0)   |    Sn(s=0)      Integ_Sn     Sn/S0(@r0)  
<multipole_order n>                    [T/m^n]      [T.m/m^n]        []       |    [T/m^n]      [T.m/m^n]        []      
n=00:                                4.3354e-01    -6.5934e-02   +1.0000e+00  |      ---           ---           ---     
n=01:                                2.2754e-05    +3.4641e-02   -9.1943e-03  |      ---           ---           ---     
n=02:                                9.5483e-02    +8.4461e-01   -3.9231e-03  |      ---           ---           ---     
n=03:                                4.6599e+01    +7.6063e-02   -6.1828e-06  |      ---           ---           ---     
n=04:                                1.9281e+03    +5.7006e+02   -8.1090e-04  |      ---           ---           ---     
n=05:                                1.6603e+05    -3.2991e+03   +8.2125e-05  |      ---           ---           ---     
n=06:                                1.0344e+07    -1.6223e+06   +7.0673e-04  |      ---           ---           ---     
