--- multipoles on reference trajectory (rz > 0) ---
effective_length:                   150.62150229046296 mm
perpendicular_grid:                 41 points in [-12.000000,+12.000000] mm
max_fitting_error_normal            0.011/344.649 G/G
max_fitting_error_skew              25.088/25.088 G/G
r0_for_relative_multipoles          17.5 mm
main_monomial                       n = 0, skew:False
                                       Nn(s=0)      Integ_Nn     Nn/N0(@r0)   |    Sn(s=0)      Integ_Sn     Sn/S0(@r0)  
<multipole_order n>                    [T/m^n]      [T.m/m^n]        []       |    [T/m^n]      [T.m/m^n]        []      
n=00:                                4.2842e-02    +6.4205e-03   +1.0000e+00  |      ---           ---           ---     
n=01:                                6.5168e-05    +3.5461e-03   +9.6654e-03  |      ---           ---           ---     
n=02:                                2.2848e-02    -9.1492e-02   -4.3641e-03  |      ---           ---           ---     
n=03:                                8.1512e-01    +6.9779e-02   +5.8246e-05  |      ---           ---           ---     
n=04:                                8.7956e+02    +4.7984e+01   +7.0094e-04  |      ---           ---           ---     
n=05:                                1.0298e+04    -9.7456e+02   -2.4913e-04  |      ---           ---           ---     
n=06:                                3.8164e+06    -2.3899e+05   -1.0691e-03  |      ---           ---           ---     
