--- multipoles on reference trajectory (rz > 0) ---
effective_length:                   -20.000000000000004 mm
perpendicular_grid:                 41 points in [-12.000000,+12.000000] mm
max_fitting_error_normal            0.059/2629.241 G/G
max_fitting_error_skew              165.156/165.156 G/G
r0_for_relative_multipoles          17.5 mm
main_monomial                       n = 0, skew:False
                                       Nn(s=0)      Integ_Nn     Nn/N0(@r0)   |    Sn(s=0)      Integ_Sn     Sn/S0(@r0)  
<multipole_order n>                    [T/m^n]      [T.m/m^n]        []       |    [T/m^n]      [T.m/m^n]        []      
n=00:                                3.0345e-01    -4.6078e-02   +1.0000e+00  |      ---           ---           ---     
n=01:                                1.5185e-05    +2.3981e-02   -9.1079e-03  |      ---           ---           ---     
n=02:                                3.0883e-01    +6.0348e-01   -4.0110e-03  |      ---           ---           ---     
n=03:                                3.7145e+01    +6.8240e-01   -7.9371e-05  |      ---           ---           ---     
n=04:                                5.8462e+03    +1.6341e+02   -3.3261e-04  |      ---           ---           ---     
n=05:                                1.9715e+05    -1.2137e+04   +4.3231e-04  |      ---           ---           ---     
n=06:                                2.9634e+07    -1.2124e+05   +7.5579e-05  |      ---           ---           ---     
