--- multipoles on reference trajectory (rz > 0) ---
effective_length:                   151.86719964346514 mm
perpendicular_grid:                 41 points in [-12.000000,+12.000000] mm
max_fitting_error_normal            0.010/3366.069 G/G
max_fitting_error_skew              0.000/0.000 G/G
r0_for_relative_multipoles          17.5 mm
main_monomial                       n = 0, skew:False
                                       Nn(s=0)      Integ_Nn     Nn/N0(@r0)   |    Sn(s=0)      Integ_Sn     Sn/S0(@r0)  
<multipole_order n>                    [T/m^n]      [T.m/m^n]        []       |    [T/m^n]      [T.m/m^n]        []      
n=00:                                4.3340e-01    -6.5490e-02   +1.0000e+00  |      ---           ---           ---     
n=01:                                2.9339e-05    +3.2712e-02   -8.7412e-03  |      ---           ---           ---     
n=02:                                5.6161e-03    +7.0535e-01   -3.2984e-03  |      ---           ---           ---     
n=03:                                1.8625e-01    -6.0921e+00   +4.9855e-04  |      ---           ---           ---     
n=04:                                3.3158e+01    +1.8742e+02   -2.6841e-04  |      ---           ---           ---     
n=05:                                4.1342e+02    -2.0272e+03   +5.0805e-05  |      ---           ---           ---     
n=06:                                3.6997e+05    +8.9128e+04   -3.9090e-05  |      ---           ---           ---     
