--- multipoles on reference trajectory (rz > 0) ---
effective_length:                   152.17672346054266 mm
perpendicular_grid:                 41 points in [-12.000000,+12.000000] mm
max_fitting_error_normal            0.021/960.117 G/G
max_fitting_error_skew              71.682/71.682 G/G
r0_for_relative_multipoles          17.5 mm
main_monomial                       n = 0, skew:False
                                       Nn(s=0)      Integ_Nn     Nn/N0(@r0)   |    Sn(s=0)      Integ_Sn     Sn/S0(@r0)  
<multipole_order n>                    [T/m^n]      [T.m/m^n]        []       |    [T/m^n]      [T.m/m^n]        []      
n=00:                                1.2976e-01    -1.9647e-02   +1.0000e+00  |      ---           ---           ---     
n=01:                                7.5772e-04    +4.7269e-03   -4.2103e-03  |      ---           ---           ---     
n=02:                                1.0255e-02    +2.5594e-01   -3.9895e-03  |      ---           ---           ---     
n=03:                                5.9984e+00    -1.6479e+00   +4.4953e-04  |      ---           ---           ---     
n=04:                                1.8108e+02    +1.5018e+02   -7.1690e-04  |      ---           ---           ---     
n=05:                                3.9381e+04    +1.0210e+04   -8.5290e-04  |      ---           ---           ---     
n=06:                                1.4325e+06    -4.1042e+05   +6.0001e-04  |      ---           ---           ---     
