--- multipoles on reference trajectory (rz > 0) ---
effective_length:                   154.52545950938458 mm
perpendicular_grid:                 41 points in [-12.000000,+12.000000] mm
max_fitting_error_normal            0.093/4334.041 G/G
max_fitting_error_skew              233.707/233.707 G/G
r0_for_relative_multipoles          17.5 mm
main_monomial                       n = 0, skew:False
                                       Nn(s=0)      Integ_Nn     Nn/N0(@r0)   |    Sn(s=0)      Integ_Sn     Sn/S0(@r0)  
<multipole_order n>                    [T/m^n]      [T.m/m^n]        []       |    [T/m^n]      [T.m/m^n]        []      
n=00:                                4.3348e-01    -6.6648e-02   +1.0000e+00  |      ---           ---           ---     
n=01:                                1.0324e-03    +3.5040e-02   -9.2006e-03  |      ---           ---           ---     
n=02:                                6.1850e-01    +8.8140e-01   -4.0501e-03  |      ---           ---           ---     
n=03:                                1.7783e+01    -2.5252e-01   +2.0306e-05  |      ---           ---           ---     
n=04:                                7.2480e+03    -5.6851e+01   +8.0003e-05  |      ---           ---           ---     
n=05:                                6.2389e+04    -3.8340e+03   +9.4419e-05  |      ---           ---           ---     
n=06:                                3.0352e+07    +1.0330e+06   -4.4520e-04  |      ---           ---           ---     
