--- multipoles on reference trajectory (rz > 0) ---
effective_length:                   -20.0 mm
perpendicular_grid:                 41 points in [-12.000000,+12.000000] mm
max_fitting_error_normal            0.049/2817.586 G/G
max_fitting_error_skew              224.101/224.101 G/G
r0_for_relative_multipoles          17.5 mm
main_monomial                       n = 0, skew:False
                                       Nn(s=0)      Integ_Nn     Nn/N0(@r0)   |    Sn(s=0)      Integ_Sn     Sn/S0(@r0)  
<multipole_order n>                    [T/m^n]      [T.m/m^n]        []       |    [T/m^n]      [T.m/m^n]        []      
n=00:                                4.1182e-01    -6.2539e-02   +1.0000e+00  |      ---           ---           ---     
n=01:                                1.6799e-03    +3.2672e-02   -9.1424e-03  |      ---           ---           ---     
n=02:                                1.4878e-02    +8.2969e-01   -4.0629e-03  |      ---           ---           ---     
n=03:                                2.0754e+01    -2.3637e+00   +2.0256e-04  |      ---           ---           ---     
n=04:                                9.9945e+02    +2.7865e+02   -4.1788e-04  |      ---           ---           ---     
n=05:                                1.3466e+05    +1.1638e+03   -3.0544e-05  |      ---           ---           ---     
n=06:                                9.3559e+05    -7.6070e+05   +3.4937e-04  |      ---           ---           ---     
