--- multipoles on reference trajectory (rz > 0) ---
effective_length:                   -19.999999999999996 mm
perpendicular_grid:                 41 points in [-12.000000,+12.000000] mm
max_fitting_error_normal            0.033/3468.469 G/G
max_fitting_error_skew              188.645/188.645 G/G
r0_for_relative_multipoles          17.5 mm
main_monomial                       n = 0, skew:False
                                       Nn(s=0)      Integ_Nn     Nn/N0(@r0)   |    Sn(s=0)      Integ_Sn     Sn/S0(@r0)  
<multipole_order n>                    [T/m^n]      [T.m/m^n]        []       |    [T/m^n]      [T.m/m^n]        []      
n=00:                                3.4710e-01    -5.2673e-02   +1.0000e+00  |      ---           ---           ---     
n=01:                                1.4442e-04    +2.7557e-02   -9.1554e-03  |      ---           ---           ---     
n=02:                                2.5014e-01    +7.0875e-01   -4.1208e-03  |      ---           ---           ---     
n=03:                                9.0400e+00    +6.4693e-01   -6.5824e-05  |      ---           ---           ---     
n=04:                                6.5149e+02    +1.1519e+02   -2.0511e-04  |      ---           ---           ---     
n=05:                                9.4444e+03    -2.1975e+03   +6.8476e-05  |      ---           ---           ---     
n=06:                                7.9402e+06    +1.8401e+04   -1.0034e-05  |      ---           ---           ---     
