--- multipoles on reference trajectory (rz > 0) ---
effective_length:                   -19.999999999999996 mm
perpendicular_grid:                 41 points in [-12.000000,+12.000000] mm
max_fitting_error_normal            0.026/1215.964 G/G
max_fitting_error_skew              94.944/94.944 G/G
r0_for_relative_multipoles          17.5 mm
main_monomial                       n = 0, skew:False
                                       Nn(s=0)      Integ_Nn     Nn/N0(@r0)   |    Sn(s=0)      Integ_Sn     Sn/S0(@r0)  
<multipole_order n>                    [T/m^n]      [T.m/m^n]        []       |    [T/m^n]      [T.m/m^n]        []      
n=00:                                1.7325e-01    +2.6173e-02   +1.0000e+00  |      ---           ---           ---     
n=01:                                4.8233e-04    +1.4130e-02   +9.4474e-03  |      ---           ---           ---     
n=02:                                8.1075e-02    -3.5026e-01   -4.0984e-03  |      ---           ---           ---     
n=03:                                3.7487e+00    -3.9376e-01   -8.0627e-05  |      ---           ---           ---     
n=04:                                2.5600e+03    -1.5711e+02   -5.6300e-04  |      ---           ---           ---     
n=05:                                2.4077e+03    +1.2978e+03   +8.1381e-05  |      ---           ---           ---     
n=06:                                9.6050e+06    +3.7263e+05   +4.0893e-04  |      ---           ---           ---     
