--- multipoles on reference trajectory (rz > 0) ---
effective_length:                   151.31616977543518 mm
perpendicular_grid:                 41 points in [-12.000000,+12.000000] mm
max_fitting_error_normal            0.011/1296.208 G/G
max_fitting_error_skew              72.332/72.332 G/G
r0_for_relative_multipoles          17.5 mm
main_monomial                       n = 0, skew:False
                                       Nn(s=0)      Integ_Nn     Nn/N0(@r0)   |    Sn(s=0)      Integ_Sn     Sn/S0(@r0)  
<multipole_order n>                    [T/m^n]      [T.m/m^n]        []       |    [T/m^n]      [T.m/m^n]        []      
n=00:                                1.2968e-01    -1.9524e-02   +1.0000e+00  |      ---           ---           ---     
n=01:                                8.9405e-04    +5.0907e-03   -4.5630e-03  |      ---           ---           ---     
n=02:                                4.8143e-02    +2.6147e-01   -4.1014e-03  |      ---           ---           ---     
n=03:                                1.1010e+01    -8.4077e-01   +2.3080e-04  |      ---           ---           ---     
n=04:                                5.3454e+02    +9.2421e+00   -4.4398e-05  |      ---           ---           ---     
n=05:                                6.0477e+04    +7.6178e+03   -6.4041e-04  |      ---           ---           ---     
n=06:                                4.1795e+05    +2.4894e+05   -3.6624e-04  |      ---           ---           ---     
