--- multipoles on reference trajectory (rz > 0) ---
effective_length:                   152.5503636131268 mm
perpendicular_grid:                 41 points in [-12.000000,+12.000000] mm
max_fitting_error_normal            0.029/1442.366 G/G
max_fitting_error_skew              118.414/118.414 G/G
r0_for_relative_multipoles          17.5 mm
main_monomial                       n = 0, skew:False
                                       Nn(s=0)      Integ_Nn     Nn/N0(@r0)   |    Sn(s=0)      Integ_Sn     Sn/S0(@r0)  
<multipole_order n>                    [T/m^n]      [T.m/m^n]        []       |    [T/m^n]      [T.m/m^n]        []      
n=00:                                2.1668e-01    -3.2888e-02   +1.0000e+00  |      ---           ---           ---     
n=01:                                6.5249e-04    +1.0418e-02   -5.5434e-03  |      ---           ---           ---     
n=02:                                3.1503e-02    +4.3257e-01   -4.0280e-03  |      ---           ---           ---     
n=03:                                3.8772e+00    +1.8781e-01   -3.0605e-05  |      ---           ---           ---     
n=04:                                4.8271e+02    +8.9358e+01   -2.5483e-04  |      ---           ---           ---     
n=05:                                3.4449e+04    +1.3698e+03   -6.8359e-05  |      ---           ---           ---     
n=06:                                2.6581e+06    -9.3340e+04   +8.1518e-05  |      ---           ---           ---     
