--- multipoles on reference trajectory (rz > 0) ---
effective_length:                   152.64997305401508 mm
perpendicular_grid:                 41 points in [-12.000000,+12.000000] mm
max_fitting_error_normal            0.031/2225.954 G/G
max_fitting_error_skew              141.848/141.848 G/G
r0_for_relative_multipoles          17.5 mm
main_monomial                       n = 0, skew:False
                                       Nn(s=0)      Integ_Nn     Nn/N0(@r0)   |    Sn(s=0)      Integ_Sn     Sn/S0(@r0)  
<multipole_order n>                    [T/m^n]      [T.m/m^n]        []       |    [T/m^n]      [T.m/m^n]        []      
n=00:                                2.6013e-01    -3.9509e-02   +1.0000e+00  |      ---           ---           ---     
n=01:                                6.7405e-04    +1.4145e-02   -6.2651e-03  |      ---           ---           ---     
n=02:                                2.4450e-02    +5.3141e-01   -4.1192e-03  |      ---           ---           ---     
n=03:                                1.8263e+00    +6.2851e-01   -8.5256e-05  |      ---           ---           ---     
n=04:                                1.8624e+03    +1.7818e+01   -4.2297e-05  |      ---           ---           ---     
n=05:                                2.4201e+04    +5.0681e+01   -2.1054e-06  |      ---           ---           ---     
n=06:                                8.7498e+06    +2.8287e+05   -2.0564e-04  |      ---           ---           ---     
