--- multipoles on reference trajectory (rz > 0) ---
effective_length:                   151.9899882343678 mm
perpendicular_grid:                 41 points in [-12.000000,+12.000000] mm
max_fitting_error_normal            0.044/3062.965 G/G
max_fitting_error_skew              214.306/214.306 G/G
r0_for_relative_multipoles          17.5 mm
main_monomial                       n = 0, skew:False
                                       Nn(s=0)      Integ_Nn     Nn/N0(@r0)   |    Sn(s=0)      Integ_Sn     Sn/S0(@r0)  
<multipole_order n>                    [T/m^n]      [T.m/m^n]        []       |    [T/m^n]      [T.m/m^n]        []      
n=00:                                3.9015e-01    -5.9002e-02   +1.0000e+00  |      ---           ---           ---     
n=01:                                2.0018e-03    +2.9804e-02   -8.8399e-03  |      ---           ---           ---     
n=02:                                2.0110e-01    +7.9528e-01   -4.1279e-03  |      ---           ---           ---     
n=03:                                2.5045e-01    -1.8130e+00   +1.6468e-04  |      ---           ---           ---     
n=04:                                6.1124e+03    +9.4928e+01   -1.5090e-04  |      ---           ---           ---     
n=05:                                2.9912e+04    +7.5681e+03   -2.1053e-04  |      ---           ---           ---     
n=06:                                2.6338e+07    +7.1615e+04   -3.4863e-05  |      ---           ---           ---     
