--- multipoles on reference trajectory (rz > 0) ---
effective_length:                   150.3611644588638 mm
perpendicular_grid:                 41 points in [-12.000000,+12.000000] mm
max_fitting_error_normal            0.009/338.973 G/G
max_fitting_error_skew              25.088/25.088 G/G
r0_for_relative_multipoles          17.5 mm
main_monomial                       n = 0, skew:False
                                       Nn(s=0)      Integ_Nn     Nn/N0(@r0)   |    Sn(s=0)      Integ_Sn     Sn/S0(@r0)  
<multipole_order n>                    [T/m^n]      [T.m/m^n]        []       |    [T/m^n]      [T.m/m^n]        []      
n=00:                                4.2841e-02    -6.4092e-03   +1.0000e+00  |      ---           ---           ---     
n=01:                                4.1073e-04    +1.0300e-03   -2.8123e-03  |      ---           ---           ---     
n=02:                                1.0923e-02    +8.2372e-02   -3.9360e-03  |      ---           ---           ---     
n=03:                                3.8653e-01    +2.2207e-01   -1.8570e-04  |      ---           ---           ---     
n=04:                                4.1303e+02    +1.2850e+02   -1.8804e-03  |      ---           ---           ---     
n=05:                                1.0093e+03    -4.7732e+02   +1.2223e-04  |      ---           ---           ---     
n=06:                                2.3108e+06    -5.0331e+05   +2.2556e-03  |      ---           ---           ---     
