--- multipoles on reference trajectory (rz > 0) ---
effective_length:                   152.86836598529538 mm
perpendicular_grid:                 41 points in [-12.000000,+12.000000] mm
max_fitting_error_normal            0.049/4767.213 G/G
max_fitting_error_skew              259.995/259.995 G/G
r0_for_relative_multipoles          17.5 mm
main_monomial                       n = 0, skew:False
                                       Nn(s=0)      Integ_Nn     Nn/N0(@r0)   |    Sn(s=0)      Integ_Sn     Sn/S0(@r0)  
<multipole_order n>                    [T/m^n]      [T.m/m^n]        []       |    [T/m^n]      [T.m/m^n]        []      
n=00:                                4.7678e-01    +7.2519e-02   +1.0000e+00  |      ---           ---           ---     
n=01:                                1.2265e-03    +3.9359e-02   +9.4980e-03  |      ---           ---           ---     
n=02:                                2.4013e-01    -9.5170e-01   -4.0191e-03  |      ---           ---           ---     
n=03:                                3.7076e+01    +2.5542e-01   +1.8876e-05  |      ---           ---           ---     
n=04:                                1.2771e+03    -3.1247e+02   -4.0412e-04  |      ---           ---           ---     
n=05:                                1.6065e+05    -8.5335e+03   -1.9314e-04  |      ---           ---           ---     
n=06:                                6.2134e+06    +6.2083e+05   +2.4590e-04  |      ---           ---           ---     
