--- multipoles on reference trajectory (rz > 0) ---
effective_length:                   152.46004190610418 mm
perpendicular_grid:                 41 points in [-12.000000,+12.000000] mm
max_fitting_error_normal            0.056/4557.213 G/G
max_fitting_error_skew              283.544/283.544 G/G
r0_for_relative_multipoles          17.5 mm
main_monomial                       n = 0, skew:False
                                       Nn(s=0)      Integ_Nn     Nn/N0(@r0)   |    Sn(s=0)      Integ_Sn     Sn/S0(@r0)  
<multipole_order n>                    [T/m^n]      [T.m/m^n]        []       |    [T/m^n]      [T.m/m^n]        []      
n=00:                                5.2034e-01    -7.8933e-02   +1.0000e+00  |      ---           ---           ---     
n=01:                                1.1710e-03    +4.6822e-02   -1.0381e-02  |      ---           ---           ---     
n=02:                                3.7843e-01    +1.0665e+00   -4.1379e-03  |      ---           ---           ---     
n=03:                                3.1299e+01    -2.8161e+00   +1.9121e-04  |      ---           ---           ---     
n=04:                                2.5955e+02    +3.3924e+01   -4.0309e-05  |      ---           ---           ---     
n=05:                                2.5672e+05    +5.4170e+03   -1.1264e-04  |      ---           ---           ---     
n=06:                                3.4750e+06    +6.0433e+05   -2.1991e-04  |      ---           ---           ---     
