--- multipoles on reference trajectory (rz > 0) ---
effective_length:                   -20.000000000000004 mm
perpendicular_grid:                 41 points in [-12.000000,+12.000000] mm
max_fitting_error_normal            0.048/2829.411 G/G
max_fitting_error_skew              224.070/224.070 G/G
r0_for_relative_multipoles          17.5 mm
main_monomial                       n = 0, skew:False
                                       Nn(s=0)      Integ_Nn     Nn/N0(@r0)   |    Sn(s=0)      Integ_Sn     Sn/S0(@r0)  
<multipole_order n>                    [T/m^n]      [T.m/m^n]        []       |    [T/m^n]      [T.m/m^n]        []      
n=00:                                4.1217e-01    -6.2555e-02   +1.0000e+00  |      ---           ---           ---     
n=01:                                3.4592e-05    +3.2594e-02   -9.1184e-03  |      ---           ---           ---     
n=02:                                5.1431e-01    +8.3893e-01   -4.1071e-03  |      ---           ---           ---     
n=03:                                1.2355e+01    +3.5442e+00   -3.0365e-04  |      ---           ---           ---     
n=04:                                5.8759e+03    +1.7423e+02   -2.6122e-04  |      ---           ---           ---     
n=05:                                3.0997e+04    -2.3195e+04   +6.0858e-04  |      ---           ---           ---     
n=06:                                2.5497e+07    -1.5999e+05   +7.3460e-05  |      ---           ---           ---     
