--- multipoles on reference trajectory (rz > 0) ---
effective_length:                   152.39167208384475 mm
perpendicular_grid:                 41 points in [-12.000000,+12.000000] mm
max_fitting_error_normal            0.063/4152.761 G/G
max_fitting_error_skew              283.544/283.544 G/G
r0_for_relative_multipoles          17.5 mm
main_monomial                       n = 0, skew:False
                                       Nn(s=0)      Integ_Nn     Nn/N0(@r0)   |    Sn(s=0)      Integ_Sn     Sn/S0(@r0)  
<multipole_order n>                    [T/m^n]      [T.m/m^n]        []       |    [T/m^n]      [T.m/m^n]        []      
n=00:                                5.2034e-01    -7.8897e-02   +1.0000e+00  |      ---           ---           ---     
n=01:                                1.1710e-03    +4.0184e-02   -8.9131e-03  |      ---           ---           ---     
n=02:                                3.7843e-01    +1.0609e+00   -4.1181e-03  |      ---           ---           ---     
n=03:                                3.1299e+01    -1.6922e+00   +1.1495e-04  |      ---           ---           ---     
n=04:                                2.5955e+02    -2.0647e+01   +2.4544e-05  |      ---           ---           ---     
n=05:                                2.5672e+05    +5.6556e+03   -1.1765e-04  |      ---           ---           ---     
n=06:                                3.4750e+06    +8.8718e+05   -3.2298e-04  |      ---           ---           ---     
