--- multipoles on reference trajectory (rz > 0) ---
effective_length:                   152.62048897409545 mm
perpendicular_grid:                 41 points in [-12.000000,+12.000000] mm
max_fitting_error_normal            0.029/1343.650 G/G
max_fitting_error_skew              95.045/95.045 G/G
r0_for_relative_multipoles          17.5 mm
main_monomial                       n = 0, skew:False
                                       Nn(s=0)      Integ_Nn     Nn/N0(@r0)   |    Sn(s=0)      Integ_Sn     Sn/S0(@r0)  
<multipole_order n>                    [T/m^n]      [T.m/m^n]        []       |    [T/m^n]      [T.m/m^n]        []      
n=00:                                1.7325e-01    +2.6310e-02   +1.0000e+00  |      ---           ---           ---     
n=01:                                4.8233e-04    +1.4474e-02   +9.6276e-03  |      ---           ---           ---     
n=02:                                8.1075e-02    -3.3942e-01   -3.9510e-03  |      ---           ---           ---     
n=03:                                3.7487e+00    -7.8755e-01   -1.6043e-04  |      ---           ---           ---     
n=04:                                2.5600e+03    -2.0325e+02   -7.2457e-04  |      ---           ---           ---     
n=05:                                2.4077e+03    +2.3691e+03   +1.4779e-04  |      ---           ---           ---     
n=06:                                9.6050e+06    +4.9920e+05   +5.4499e-04  |      ---           ---           ---     
