--- multipoles on reference trajectory (rz > 0) ---
effective_length:                   -20.000000000000004 mm
perpendicular_grid:                 41 points in [-12.000000,+12.000000] mm
max_fitting_error_normal            0.011/711.338 G/G
max_fitting_error_skew              48.278/48.278 G/G
r0_for_relative_multipoles          17.5 mm
main_monomial                       n = 0, skew:False
                                       Nn(s=0)      Integ_Nn     Nn/N0(@r0)   |    Sn(s=0)      Integ_Sn     Sn/S0(@r0)  
<multipole_order n>                    [T/m^n]      [T.m/m^n]        []       |    [T/m^n]      [T.m/m^n]        []      
n=00:                                8.6243e-02    -1.3010e-02   +1.0000e+00  |      ---           ---           ---     
n=01:                                3.5135e-04    +6.8884e-03   -9.2655e-03  |      ---           ---           ---     
n=02:                                8.9699e-03    +1.7598e-01   -4.1424e-03  |      ---           ---           ---     
n=03:                                3.5141e+00    -7.1728e-01   +2.9547e-04  |      ---           ---           ---     
n=04:                                1.0203e+03    +2.0986e+01   -1.5128e-04  |      ---           ---           ---     
n=05:                                2.3477e+04    +3.1941e+03   -4.0295e-04  |      ---           ---           ---     
n=06:                                4.1593e+06    +4.7291e+04   -1.0440e-04  |      ---           ---           ---     
