--- multipoles on reference trajectory (rz > 0) ---
effective_length:                   -20.0 mm
perpendicular_grid:                 41 points in [-12.000000,+12.000000] mm
max_fitting_error_normal            0.006/247.369 G/G
max_fitting_error_skew              25.088/25.088 G/G
r0_for_relative_multipoles          17.5 mm
main_monomial                       n = 0, skew:False
                                       Nn(s=0)      Integ_Nn     Nn/N0(@r0)   |    Sn(s=0)      Integ_Sn     Sn/S0(@r0)  
<multipole_order n>                    [T/m^n]      [T.m/m^n]        []       |    [T/m^n]      [T.m/m^n]        []      
n=00:                                4.2842e-02    +6.3890e-03   +1.0000e+00  |      ---           ---           ---     
n=01:                                6.5168e-05    +3.4501e-03   +9.4503e-03  |      ---           ---           ---     
n=02:                                2.2848e-02    -8.7742e-02   -4.2058e-03  |      ---           ---           ---     
n=03:                                8.1512e-01    +4.8263e-02   +4.0486e-05  |      ---           ---           ---     
n=04:                                8.7956e+02    -3.1062e+01   -4.5598e-04  |      ---           ---           ---     
n=05:                                1.0298e+04    +6.2084e+01   +1.5949e-05  |      ---           ---           ---     
n=06:                                3.8164e+06    +7.2794e+04   +3.2726e-04  |      ---           ---           ---     
