--- multipoles on reference trajectory (rz > 0) ---
effective_length:                   -20.0 mm
perpendicular_grid:                 41 points in [-12.000000,+12.000000] mm
max_fitting_error_normal            0.035/2449.062 G/G
max_fitting_error_skew              188.541/188.541 G/G
r0_for_relative_multipoles          17.5 mm
main_monomial                       n = 0, skew:False
                                       Nn(s=0)      Integ_Nn     Nn/N0(@r0)   |    Sn(s=0)      Integ_Sn     Sn/S0(@r0)  
<multipole_order n>                    [T/m^n]      [T.m/m^n]        []       |    [T/m^n]      [T.m/m^n]        []      
n=00:                                3.4697e-01    -5.2469e-02   +1.0000e+00  |      ---           ---           ---     
n=01:                                9.7346e-04    +2.3284e-02   -7.7660e-03  |      ---           ---           ---     
n=02:                                4.1671e-01    +7.3384e-01   -4.2833e-03  |      ---           ---           ---     
n=03:                                5.2705e+00    +1.1059e+00   -1.1296e-04  |      ---           ---           ---     
n=04:                                4.2488e+03    -2.6148e+02   +4.6741e-04  |      ---           ---           ---     
n=05:                                5.8074e+04    -4.3303e+03   +1.3546e-04  |      ---           ---           ---     
n=06:                                1.7050e+07    +1.3959e+06   -7.6415e-04  |      ---           ---           ---     
