--- multipoles on reference trajectory (rz > 0) ---
effective_length:                   -19.999999999999996 mm
perpendicular_grid:                 41 points in [-12.000000,+12.000000] mm
max_fitting_error_normal            0.021/1013.529 G/G
max_fitting_error_skew              71.624/71.624 G/G
r0_for_relative_multipoles          17.5 mm
main_monomial                       n = 0, skew:False
                                       Nn(s=0)      Integ_Nn     Nn/N0(@r0)   |    Sn(s=0)      Integ_Sn     Sn/S0(@r0)  
<multipole_order n>                    [T/m^n]      [T.m/m^n]        []       |    [T/m^n]      [T.m/m^n]        []      
n=00:                                1.2976e-01    -1.9574e-02   +1.0000e+00  |      ---           ---           ---     
n=01:                                7.5772e-04    +1.0422e-02   -9.3180e-03  |      ---           ---           ---     
n=02:                                1.0255e-02    +2.6451e-01   -4.1383e-03  |      ---           ---           ---     
n=03:                                5.9984e+00    -1.4298e+00   +3.9148e-04  |      ---           ---           ---     
n=04:                                1.8108e+02    +3.5010e+01   -1.6775e-04  |      ---           ---           ---     
n=05:                                3.9381e+04    +5.2796e+03   -4.4269e-04  |      ---           ---           ---     
n=06:                                1.4325e+06    +6.6954e+04   -9.8247e-05  |      ---           ---           ---     
