--- multipoles on reference trajectory (rz > 0) ---
effective_length:                   152.41036256950593 mm
perpendicular_grid:                 41 points in [-12.000000,+12.000000] mm
max_fitting_error_normal            0.030/1335.541 G/G
max_fitting_error_skew              95.045/95.045 G/G
r0_for_relative_multipoles          17.5 mm
main_monomial                       n = 0, skew:False
                                       Nn(s=0)      Integ_Nn     Nn/N0(@r0)   |    Sn(s=0)      Integ_Sn     Sn/S0(@r0)  
<multipole_order n>                    [T/m^n]      [T.m/m^n]        []       |    [T/m^n]      [T.m/m^n]        []      
n=00:                                1.7326e-01    -2.6274e-02   +1.0000e+00  |      ---           ---           ---     
n=01:                                7.0155e-04    +7.2057e-03   -4.7995e-03  |      ---           ---           ---     
n=02:                                2.7555e-04    +3.4856e-01   -4.0629e-03  |      ---           ---           ---     
n=03:                                1.5142e+01    -6.2582e-01   +1.2766e-04  |      ---           ---           ---     
n=04:                                5.8956e+02    +4.9897e+01   -1.7812e-04  |      ---           ---           ---     
n=05:                                9.3627e+04    +7.3417e+03   -4.5863e-04  |      ---           ---           ---     
n=06:                                1.7575e+06    +5.3269e+04   -5.8235e-05  |      ---           ---           ---     
