--- multipoles on reference trajectory (rz > 0) ---
effective_length:                   -20.0 mm
perpendicular_grid:                 41 points in [-12.000000,+12.000000] mm
max_fitting_error_normal            0.032/1791.832 G/G
max_fitting_error_skew              141.642/141.642 G/G
r0_for_relative_multipoles          17.5 mm
main_monomial                       n = 0, skew:False
                                       Nn(s=0)      Integ_Nn     Nn/N0(@r0)   |    Sn(s=0)      Integ_Sn     Sn/S0(@r0)  
<multipole_order n>                    [T/m^n]      [T.m/m^n]        []       |    [T/m^n]      [T.m/m^n]        []      
n=00:                                2.6015e-01    -3.9461e-02   +1.0000e+00  |      ---           ---           ---     
n=01:                                1.7045e-03    +2.0833e-02   -9.2388e-03  |      ---           ---           ---     
n=02:                                6.1886e-02    +5.3759e-01   -4.1722e-03  |      ---           ---           ---     
n=03:                                5.6910e+00    -1.1941e+00   +1.6217e-04  |      ---           ---           ---     
n=04:                                8.2724e+02    +2.6260e+01   -6.2413e-05  |      ---           ---           ---     
n=05:                                5.9864e+04    +3.9498e+03   -1.6429e-04  |      ---           ---           ---     
n=06:                                2.7635e+06    +2.6370e+05   -1.9195e-04  |      ---           ---           ---     
