--- multipoles on reference trajectory (rz > 0) ---
effective_length:                   150.59517854506672 mm
perpendicular_grid:                 41 points in [-12.000000,+12.000000] mm
max_fitting_error_normal            0.011/336.766 G/G
max_fitting_error_skew              25.088/25.088 G/G
r0_for_relative_multipoles          17.5 mm
main_monomial                       n = 0, skew:False
                                       Nn(s=0)      Integ_Nn     Nn/N0(@r0)   |    Sn(s=0)      Integ_Sn     Sn/S0(@r0)  
<multipole_order n>                    [T/m^n]      [T.m/m^n]        []       |    [T/m^n]      [T.m/m^n]        []      
n=00:                                4.2841e-02    -6.4191e-03   +1.0000e+00  |      ---           ---           ---     
n=01:                                4.1073e-04    +3.4255e-03   -9.3386e-03  |      ---           ---           ---     
n=02:                                1.0923e-02    +8.3575e-02   -3.9873e-03  |      ---           ---           ---     
n=03:                                3.8653e-01    -1.3894e-01   +1.1600e-04  |      ---           ---           ---     
n=04:                                4.1303e+02    +8.5463e+01   -1.2487e-03  |      ---           ---           ---     
n=05:                                1.0093e+03    -2.2820e+02   +5.8348e-05  |      ---           ---           ---     
n=06:                                2.3108e+06    -3.2308e+05   +1.4456e-03  |      ---           ---           ---     
