--- multipoles on reference trajectory (rz > 0) ---
effective_length:                   151.95007446300542 mm
perpendicular_grid:                 41 points in [-12.000000,+12.000000] mm
max_fitting_error_normal            0.019/1968.922 G/G
max_fitting_error_skew              143.136/143.136 G/G
r0_for_relative_multipoles          17.5 mm
main_monomial                       n = 0, skew:False
                                       Nn(s=0)      Integ_Nn     Nn/N0(@r0)   |    Sn(s=0)      Integ_Sn     Sn/S0(@r0)  
<multipole_order n>                    [T/m^n]      [T.m/m^n]        []       |    [T/m^n]      [T.m/m^n]        []      
n=00:                                2.6004e-01    -3.9315e-02   +1.0000e+00  |      ---           ---           ---     
n=01:                                9.0675e-04    +2.1488e-02   -9.5650e-03  |      ---           ---           ---     
n=02:                                2.6676e-01    +5.1017e-01   -3.9741e-03  |      ---           ---           ---     
n=03:                                1.4616e+01    -1.2137e+00   +1.6545e-04  |      ---           ---           ---     
n=04:                                4.4414e+03    +2.9656e+02   -7.0747e-04  |      ---           ---           ---     
n=05:                                4.6332e+04    +1.3125e+03   -5.4793e-05  |      ---           ---           ---     
n=06:                                1.6377e+07    -7.4942e+05   +5.4752e-04  |      ---           ---           ---     
