--- multipoles on reference trajectory (rz > 0) ---
effective_length:                   152.05915248378034 mm
perpendicular_grid:                 41 points in [-12.000000,+12.000000] mm
max_fitting_error_normal            0.002/3454.737 G/G
max_fitting_error_skew              0.000/0.000 G/G
r0_for_relative_multipoles          17.5 mm
main_monomial                       n = 0, skew:False
                                       Nn(s=0)      Integ_Nn     Nn/N0(@r0)   |    Sn(s=0)      Integ_Sn     Sn/S0(@r0)  
<multipole_order n>                    [T/m^n]      [T.m/m^n]        []       |    [T/m^n]      [T.m/m^n]        []      
n=00:                                4.3289e-01    -6.5496e-02   +1.0000e+00  |      ---           ---           ---     
n=01:                                3.2115e-04    +3.9797e-02   -1.0633e-02  |      ---           ---           ---     
n=02:                                4.3454e-02    +6.2457e-01   -2.9204e-03  |      ---           ---           ---     
n=03:                                1.6460e+00    -3.2387e+00   +2.6501e-04  |      ---           ---           ---     
n=04:                                1.6786e+02    +1.7635e+02   -2.5252e-04  |      ---           ---           ---     
n=05:                                2.3625e+04    +9.7032e+02   -2.4316e-05  |      ---           ---           ---     
n=06:                                1.3093e+06    +1.3248e+05   -5.8097e-05  |      ---           ---           ---     
