--- multipoles on reference trajectory (rz > 0) ---
effective_length:                   -20.0 mm
perpendicular_grid:                 41 points in [-12.000000,+12.000000] mm
max_fitting_error_normal            0.036/2427.542 G/G
max_fitting_error_skew              165.044/165.044 G/G
r0_for_relative_multipoles          17.5 mm
main_monomial                       n = 0, skew:False
                                       Nn(s=0)      Integ_Nn     Nn/N0(@r0)   |    Sn(s=0)      Integ_Sn     Sn/S0(@r0)  
<multipole_order n>                    [T/m^n]      [T.m/m^n]        []       |    [T/m^n]      [T.m/m^n]        []      
n=00:                                3.0356e-01    -4.5918e-02   +1.0000e+00  |      ---           ---           ---     
n=01:                                2.3763e-04    +2.4104e-02   -9.1864e-03  |      ---           ---           ---     
n=02:                                1.7168e-02    +6.1019e-01   -4.0697e-03  |      ---           ---           ---     
n=03:                                8.1142e+00    -6.9260e-02   +8.0838e-06  |      ---           ---           ---     
n=04:                                2.6038e+02    +1.5619e+02   -3.1903e-04  |      ---           ---           ---     
n=05:                                7.9101e+02    -3.3940e+03   +1.2132e-04  |      ---           ---           ---     
n=06:                                1.1881e+06    +7.2247e+04   -4.5192e-05  |      ---           ---           ---     
