--- multipoles on reference trajectory (rz > 0) ---
effective_length:                   151.71760009506147 mm
perpendicular_grid:                 41 points in [-12.000000,+12.000000] mm
max_fitting_error_normal            0.016/630.610 G/G
max_fitting_error_skew              48.345/48.345 G/G
r0_for_relative_multipoles          17.5 mm
main_monomial                       n = 0, skew:False
                                       Nn(s=0)      Integ_Nn     Nn/N0(@r0)   |    Sn(s=0)      Integ_Sn     Sn/S0(@r0)  
<multipole_order n>                    [T/m^n]      [T.m/m^n]        []       |    [T/m^n]      [T.m/m^n]        []      
n=00:                                8.6273e-02    -1.3023e-02   +1.0000e+00  |      ---           ---           ---     
n=01:                                1.5458e-04    +2.5153e-03   -3.3799e-03  |      ---           ---           ---     
n=02:                                5.1477e-02    +1.7728e-01   -4.1688e-03  |      ---           ---           ---     
n=03:                                4.6173e+00    +7.0031e-01   -2.8819e-04  |      ---           ---           ---     
n=04:                                1.0804e+03    -7.4289e+01   +5.3500e-04  |      ---           ---           ---     
n=05:                                1.3771e+04    -1.0093e+03   +1.2720e-04  |      ---           ---           ---     
n=06:                                6.0406e+06    +4.5318e+05   -9.9947e-04  |      ---           ---           ---     
