--- multipoles on reference trajectory (rz > 0) ---
effective_length:                   -19.999999999999996 mm
perpendicular_grid:                 41 points in [-12.000000,+12.000000] mm
max_fitting_error_normal            0.047/2828.431 G/G
max_fitting_error_skew              224.070/224.070 G/G
r0_for_relative_multipoles          17.5 mm
main_monomial                       n = 0, skew:False
                                       Nn(s=0)      Integ_Nn     Nn/N0(@r0)   |    Sn(s=0)      Integ_Sn     Sn/S0(@r0)  
<multipole_order n>                    [T/m^n]      [T.m/m^n]        []       |    [T/m^n]      [T.m/m^n]        []      
n=00:                                4.1217e-01    -6.2549e-02   +1.0000e+00  |      ---           ---           ---     
n=01:                                3.4592e-05    +3.1400e-02   -8.7851e-03  |      ---           ---           ---     
n=02:                                5.1431e-01    +8.4050e-01   -4.1153e-03  |      ---           ---           ---     
n=03:                                1.2355e+01    +3.9717e+00   -3.4031e-04  |      ---           ---           ---     
n=04:                                5.8759e+03    +1.3629e+02   -2.0436e-04  |      ---           ---           ---     
n=05:                                3.0997e+04    -2.4544e+04   +6.4405e-04  |      ---           ---           ---     
n=06:                                2.5497e+07    -1.6020e+04   +7.3564e-06  |      ---           ---           ---     
