--- multipoles on reference trajectory (rz > 0) ---
effective_length:                   149.9155588510513 mm
perpendicular_grid:                 41 points in [-12.000000,+12.000000] mm
max_fitting_error_normal            0.006/428.269 G/G
max_fitting_error_skew              25.035/25.035 G/G
r0_for_relative_multipoles          17.5 mm
main_monomial                       n = 0, skew:False
                                       Nn(s=0)      Integ_Nn     Nn/N0(@r0)   |    Sn(s=0)      Integ_Sn     Sn/S0(@r0)  
<multipole_order n>                    [T/m^n]      [T.m/m^n]        []       |    [T/m^n]      [T.m/m^n]        []      
n=00:                                4.2826e-02    -6.3882e-03   +1.0000e+00  |      ---           ---           ---     
n=01:                                9.1748e-05    +9.1165e-04   -2.4974e-03  |      ---           ---           ---     
n=02:                                1.1957e-02    +8.5008e-02   -4.0752e-03  |      ---           ---           ---     
n=03:                                4.0381e+00    +1.0668e-01   -8.9501e-05  |      ---           ---           ---     
n=04:                                6.6053e+01    +3.6440e+01   -5.3500e-04  |      ---           ---           ---     
n=05:                                1.6936e+04    +1.2543e+03   -3.2226e-04  |      ---           ---           ---     
n=06:                                9.5765e+05    -5.3427e+04   +2.4022e-04  |      ---           ---           ---     
