--- multipoles on reference trajectory (rz > 0) ---
effective_length:                   -20.000000000000004 mm
perpendicular_grid:                 41 points in [-12.000000,+12.000000] mm
max_fitting_error_normal            0.063/4370.227 G/G
max_fitting_error_skew              307.539/307.539 G/G
r0_for_relative_multipoles          17.5 mm
main_monomial                       n = 0, skew:False
                                       Nn(s=0)      Integ_Nn     Nn/N0(@r0)   |    Sn(s=0)      Integ_Sn     Sn/S0(@r0)  
<multipole_order n>                    [T/m^n]      [T.m/m^n]        []       |    [T/m^n]      [T.m/m^n]        []      
n=00:                                5.6351e-01    -8.5518e-02   +1.0000e+00  |      ---           ---           ---     
n=01:                                9.7124e-04    +4.5043e-02   -9.2174e-03  |      ---           ---           ---     
n=02:                                2.2176e-01    +1.1199e+00   -4.0104e-03  |      ---           ---           ---     
n=03:                                5.1134e+01    +1.6777e+00   -1.0514e-04  |      ---           ---           ---     
n=04:                                3.0304e+03    +2.0992e+02   -2.3022e-04  |      ---           ---           ---     
n=05:                                2.2343e+05    -2.1264e+04   +4.0811e-04  |      ---           ---           ---     
n=06:                                1.6292e+07    +4.4213e+05   -1.4850e-04  |      ---           ---           ---     
