--- multipoles on reference trajectory (rz > 0) ---
effective_length:                   -19.999999999999996 mm
perpendicular_grid:                 41 points in [-12.000000,+12.000000] mm
max_fitting_error_normal            0.019/2597.804 G/G
max_fitting_error_skew              141.714/141.714 G/G
r0_for_relative_multipoles          17.5 mm
main_monomial                       n = 0, skew:False
                                       Nn(s=0)      Integ_Nn     Nn/N0(@r0)   |    Sn(s=0)      Integ_Sn     Sn/S0(@r0)  
<multipole_order n>                    [T/m^n]      [T.m/m^n]        []       |    [T/m^n]      [T.m/m^n]        []      
n=00:                                2.6004e-01    -3.9477e-02   +1.0000e+00  |      ---           ---           ---     
n=01:                                9.0675e-04    +2.0632e-02   -9.1462e-03  |      ---           ---           ---     
n=02:                                2.6676e-01    +5.0195e-01   -3.8940e-03  |      ---           ---           ---     
n=03:                                1.4616e+01    -8.1939e-01   +1.1124e-04  |      ---           ---           ---     
n=04:                                4.4414e+03    +3.7112e+02   -8.8171e-04  |      ---           ---           ---     
n=05:                                4.6332e+04    -9.9109e+02   +4.1206e-05  |      ---           ---           ---     
n=06:                                1.6377e+07    -1.0047e+06   +7.3101e-04  |      ---           ---           ---     
