--- multipoles on reference trajectory (rz > 0) ---
effective_length:                   -20.0 mm
perpendicular_grid:                 41 points in [-12.000000,+12.000000] mm
max_fitting_error_normal            0.007/390.972 G/G
max_fitting_error_skew              25.081/25.081 G/G
r0_for_relative_multipoles          17.5 mm
main_monomial                       n = 0, skew:False
                                       Nn(s=0)      Integ_Nn     Nn/N0(@r0)   |    Sn(s=0)      Integ_Sn     Sn/S0(@r0)  
<multipole_order n>                    [T/m^n]      [T.m/m^n]        []       |    [T/m^n]      [T.m/m^n]        []      
n=00:                                4.2816e-02    -6.4007e-03   +1.0000e+00  |      ---           ---           ---     
n=01:                                3.2617e-04    +1.0206e-03   -2.7904e-03  |      ---           ---           ---     
n=02:                                2.6490e-02    +8.9168e-02   -4.2663e-03  |      ---           ---           ---     
n=03:                                4.4075e+00    -6.8824e-01   +5.7627e-04  |      ---           ---           ---     
n=04:                                1.3872e+02    -2.1500e+00   +3.1504e-05  |      ---           ---           ---     
n=05:                                2.9005e+04    +4.7690e+03   -1.2229e-03  |      ---           ---           ---     
n=06:                                5.3655e+05    +6.1129e+04   -2.7431e-04  |      ---           ---           ---     
