--- multipoles on reference trajectory (rz > 0) ---
effective_length:                   -20.0 mm
perpendicular_grid:                 41 points in [-12.000000,+12.000000] mm
max_fitting_error_normal            0.028/1809.739 G/G
max_fitting_error_skew              141.613/141.613 G/G
r0_for_relative_multipoles          17.5 mm
main_monomial                       n = 0, skew:False
                                       Nn(s=0)      Integ_Nn     Nn/N0(@r0)   |    Sn(s=0)      Integ_Sn     Sn/S0(@r0)  
<multipole_order n>                    [T/m^n]      [T.m/m^n]        []       |    [T/m^n]      [T.m/m^n]        []      
n=00:                                2.6013e-01    -3.9339e-02   +1.0000e+00  |      ---           ---           ---     
n=01:                                6.7405e-04    +2.0699e-02   -9.2078e-03  |      ---           ---           ---     
n=02:                                2.4450e-02    +5.4191e-01   -4.2188e-03  |      ---           ---           ---     
n=03:                                1.8263e+00    -4.1808e-01   +5.6958e-05  |      ---           ---           ---     
n=04:                                1.8624e+03    -1.0861e+01   +2.5894e-05  |      ---           ---           ---     
n=05:                                2.4201e+04    +5.0890e+02   -2.1232e-05  |      ---           ---           ---     
n=06:                                8.7498e+06    +3.1520e+05   -2.3014e-04  |      ---           ---           ---     
