--- multipoles on reference trajectory (rz > 0) ---
effective_length:                   -19.999999999999996 mm
perpendicular_grid:                 41 points in [-12.000000,+12.000000] mm
max_fitting_error_normal            0.058/3603.231 G/G
max_fitting_error_skew              259.427/259.427 G/G
r0_for_relative_multipoles          17.5 mm
main_monomial                       n = 0, skew:False
                                       Nn(s=0)      Integ_Nn     Nn/N0(@r0)   |    Sn(s=0)      Integ_Sn     Sn/S0(@r0)  
<multipole_order n>                    [T/m^n]      [T.m/m^n]        []       |    [T/m^n]      [T.m/m^n]        []      
n=00:                                4.7677e-01    -7.2140e-02   +1.0000e+00  |      ---           ---           ---     
n=01:                                1.0211e-03    +4.1107e-02   -9.9718e-03  |      ---           ---           ---     
n=02:                                4.0166e-02    +9.7057e-01   -4.1203e-03  |      ---           ---           ---     
n=03:                                1.0029e+00    -1.4905e+00   +1.1073e-04  |      ---           ---           ---     
n=04:                                5.8041e+02    -7.8029e+01   +1.0145e-04  |      ---           ---           ---     
n=05:                                9.2392e+04    -7.9947e+02   +1.8189e-05  |      ---           ---           ---     
n=06:                                2.4000e+05    +1.4136e+06   -5.6283e-04  |      ---           ---           ---     
