--- multipoles on reference trajectory (rz > 0) ---
effective_length:                   -20.000000000000007 mm
perpendicular_grid:                 41 points in [-12.000000,+12.000000] mm
max_fitting_error_normal            0.053/3255.044 G/G
max_fitting_error_skew              247.555/247.555 G/G
r0_for_relative_multipoles          17.5 mm
main_monomial                       n = 0, skew:False
                                       Nn(s=0)      Integ_Nn     Nn/N0(@r0)   |    Sn(s=0)      Integ_Sn     Sn/S0(@r0)  
<multipole_order n>                    [T/m^n]      [T.m/m^n]        []       |    [T/m^n]      [T.m/m^n]        []      
n=00:                                4.5517e-01    -6.8867e-02   +1.0000e+00  |      ---           ---           ---     
n=01:                                1.9381e-04    +3.7662e-02   -9.5705e-03  |      ---           ---           ---     
n=02:                                2.4140e-01    +9.1226e-01   -4.0568e-03  |      ---           ---           ---     
n=03:                                2.5950e+01    -1.2778e+00   +9.9438e-05  |      ---           ---           ---     
n=04:                                6.2824e+03    +3.7546e+02   -5.1133e-04  |      ---           ---           ---     
n=05:                                1.0213e+05    +4.2543e+02   -1.0139e-05  |      ---           ---           ---     
n=06:                                2.3150e+07    -6.7489e+05   +2.8148e-04  |      ---           ---           ---     
