--- multipoles on reference trajectory (rz > 0) ---
effective_length:                   152.05918119739678 mm
perpendicular_grid:                 41 points in [-12.000000,+12.000000] mm
max_fitting_error_normal            0.055/3808.428 G/G
max_fitting_error_skew              262.081/262.081 G/G
r0_for_relative_multipoles          17.5 mm
main_monomial                       n = 0, skew:False
                                       Nn(s=0)      Integ_Nn     Nn/N0(@r0)   |    Sn(s=0)      Integ_Sn     Sn/S0(@r0)  
<multipole_order n>                    [T/m^n]      [T.m/m^n]        []       |    [T/m^n]      [T.m/m^n]        []      
n=00:                                4.7664e-01    -7.2115e-02   +1.0000e+00  |      ---           ---           ---     
n=01:                                4.0196e-04    +4.2120e-02   -1.0221e-02  |      ---           ---           ---     
n=02:                                9.1090e-02    +9.5221e-01   -4.0438e-03  |      ---           ---           ---     
n=03:                                2.4415e+01    -2.3567e+00   +1.7514e-04  |      ---           ---           ---     
n=04:                                2.3010e+03    +3.9880e+02   -5.1865e-04  |      ---           ---           ---     
n=05:                                1.3367e+05    +1.4785e+03   -3.3649e-05  |      ---           ---           ---     
n=06:                                6.4442e+06    -1.0252e+06   +4.0833e-04  |      ---           ---           ---     
