--- multipoles on reference trajectory (rz > 0) ---
effective_length:                   -19.999999999999996 mm
perpendicular_grid:                 41 points in [-12.000000,+12.000000] mm
max_fitting_error_normal            0.015/622.466 G/G
max_fitting_error_skew              48.328/48.328 G/G
r0_for_relative_multipoles          17.5 mm
main_monomial                       n = 0, skew:False
                                       Nn(s=0)      Integ_Nn     Nn/N0(@r0)   |    Sn(s=0)      Integ_Sn     Sn/S0(@r0)  
<multipole_order n>                    [T/m^n]      [T.m/m^n]        []       |    [T/m^n]      [T.m/m^n]        []      
n=00:                                8.6273e-02    -1.2958e-02   +1.0000e+00  |      ---           ---           ---     
n=01:                                1.5458e-04    +2.6487e-03   -3.5771e-03  |      ---           ---           ---     
n=02:                                5.1477e-02    +1.7764e-01   -4.1983e-03  |      ---           ---           ---     
n=03:                                4.6173e+00    +6.0168e-01   -2.4885e-04  |      ---           ---           ---     
n=04:                                1.0804e+03    -6.1240e+01   +4.4324e-04  |      ---           ---           ---     
n=05:                                1.3771e+04    -1.6606e+03   +2.1033e-04  |      ---           ---           ---     
n=06:                                6.0406e+06    +5.0982e+05   -1.1301e-03  |      ---           ---           ---     
