--- multipoles on reference trajectory (rz > 0) ---
effective_length:                   152.12422508053103 mm
perpendicular_grid:                 41 points in [-12.000000,+12.000000] mm
max_fitting_error_normal            0.016/1731.801 G/G
max_fitting_error_skew              94.878/94.878 G/G
r0_for_relative_multipoles          17.5 mm
main_monomial                       n = 0, skew:False
                                       Nn(s=0)      Integ_Nn     Nn/N0(@r0)   |    Sn(s=0)      Integ_Sn     Sn/S0(@r0)  
<multipole_order n>                    [T/m^n]      [T.m/m^n]        []       |    [T/m^n]      [T.m/m^n]        []      
n=00:                                1.7320e-01    -2.6216e-02   +1.0000e+00  |      ---           ---           ---     
n=01:                                3.6079e-04    +1.3254e-02   -8.8474e-03  |      ---           ---           ---     
n=02:                                1.5117e-01    +3.5215e-01   -4.1138e-03  |      ---           ---           ---     
n=03:                                7.6590e+00    +6.2000e-01   -1.2675e-04  |      ---           ---           ---     
n=04:                                1.0863e+03    +8.5048e+01   -3.0426e-04  |      ---           ---           ---     
n=05:                                3.3090e+04    -4.8782e+03   +3.0541e-04  |      ---           ---           ---     
n=06:                                4.8629e+06    -2.0770e+05   +2.2756e-04  |      ---           ---           ---     
