--- multipoles on reference trajectory (rz > 0) ---
effective_length:                   150.85357717360014 mm
perpendicular_grid:                 41 points in [-12.000000,+12.000000] mm
max_fitting_error_normal            0.014/644.533 G/G
max_fitting_error_skew              48.791/48.791 G/G
r0_for_relative_multipoles          17.5 mm
main_monomial                       n = 0, skew:False
                                       Nn(s=0)      Integ_Nn     Nn/N0(@r0)   |    Sn(s=0)      Integ_Sn     Sn/S0(@r0)  
<multipole_order n>                    [T/m^n]      [T.m/m^n]        []       |    [T/m^n]      [T.m/m^n]        []      
n=00:                                8.6220e-02    -1.2941e-02   +1.0000e+00  |      ---           ---           ---     
n=01:                                4.2016e-04    +2.8185e-03   -3.8114e-03  |      ---           ---           ---     
n=02:                                7.3048e-02    +1.6581e-01   -3.9238e-03  |      ---           ---           ---     
n=03:                                2.4936e+00    +5.9889e-01   -2.4802e-04  |      ---           ---           ---     
n=04:                                1.5433e+03    +1.9958e+02   -1.4464e-03  |      ---           ---           ---     
n=05:                                2.2714e+04    +2.5680e+02   -3.2569e-05  |      ---           ---           ---     
n=06:                                6.2556e+06    -7.5219e+05   +1.6695e-03  |      ---           ---           ---     
