--- multipoles on reference trajectory (rz > 0) ---
effective_length:                   152.37972380303538 mm
perpendicular_grid:                 41 points in [-12.000000,+12.000000] mm
max_fitting_error_normal            0.020/959.852 G/G
max_fitting_error_skew              71.681/71.681 G/G
r0_for_relative_multipoles          17.5 mm
main_monomial                       n = 0, skew:False
                                       Nn(s=0)      Integ_Nn     Nn/N0(@r0)   |    Sn(s=0)      Integ_Sn     Sn/S0(@r0)  
<multipole_order n>                    [T/m^n]      [T.m/m^n]        []       |    [T/m^n]      [T.m/m^n]        []      
n=00:                                1.2976e-01    -1.9673e-02   +1.0000e+00  |      ---           ---           ---     
n=01:                                7.5772e-04    +1.0373e-02   -9.2266e-03  |      ---           ---           ---     
n=02:                                1.0255e-02    +2.6356e-01   -4.1027e-03  |      ---           ---           ---     
n=03:                                5.9984e+00    -1.5914e+00   +4.3353e-04  |      ---           ---           ---     
n=04:                                1.8108e+02    +6.3264e+00   -3.0160e-05  |      ---           ---           ---     
n=05:                                3.9381e+04    +6.3701e+03   -5.3144e-04  |      ---           ---           ---     
n=06:                                1.4325e+06    +1.1860e+05   -1.7316e-04  |      ---           ---           ---     
