--- multipoles on reference trajectory (rz > 0) ---
effective_length:                   -20.0 mm
perpendicular_grid:                 41 points in [-12.000000,+12.000000] mm
max_fitting_error_normal            0.027/2164.926 G/G
max_fitting_error_skew              118.258/118.258 G/G
r0_for_relative_multipoles          17.5 mm
main_monomial                       n = 0, skew:False
                                       Nn(s=0)      Integ_Nn     Nn/N0(@r0)   |    Sn(s=0)      Integ_Sn     Sn/S0(@r0)  
<multipole_order n>                    [T/m^n]      [T.m/m^n]        []       |    [T/m^n]      [T.m/m^n]        []      
n=00:                                2.1668e-01    +3.2757e-02   +1.0000e+00  |      ---           ---           ---     
n=01:                                5.8660e-05    +1.7628e-02   +9.4172e-03  |      ---           ---           ---     
n=02:                                2.0080e-02    -4.3806e-01   -4.0955e-03  |      ---           ---           ---     
n=03:                                1.0199e+01    -6.6827e-01   -1.0933e-04  |      ---           ---           ---     
n=04:                                2.0569e+03    -1.9918e+02   -5.7027e-04  |      ---           ---           ---     
n=05:                                2.8468e+04    +2.2393e+03   +1.1220e-04  |      ---           ---           ---     
n=06:                                9.2487e+06    +5.5117e+05   +4.8329e-04  |      ---           ---           ---     
