--- multipoles on reference trajectory (rz > 0) ---
effective_length:                   -19.999999999999996 mm
perpendicular_grid:                 41 points in [-12.000000,+12.000000] mm
max_fitting_error_normal            0.033/3203.988 G/G
max_fitting_error_skew              235.945/235.945 G/G
r0_for_relative_multipoles          17.5 mm
main_monomial                       n = 0, skew:False
                                       Nn(s=0)      Integ_Nn     Nn/N0(@r0)   |    Sn(s=0)      Integ_Sn     Sn/S0(@r0)  
<multipole_order n>                    [T/m^n]      [T.m/m^n]        []       |    [T/m^n]      [T.m/m^n]        []      
n=00:                                4.3346e-01    -6.5823e-02   +1.0000e+00  |      ---           ---           ---     
n=01:                                1.8299e-03    +3.4380e-02   -9.1403e-03  |      ---           ---           ---     
n=02:                                2.8279e-01    +8.6986e-01   -4.0471e-03  |      ---           ---           ---     
n=03:                                6.4960e+00    -3.5159e+00   +2.8627e-04  |      ---           ---           ---     
n=04:                                6.5398e+03    +2.2604e+02   -3.2208e-04  |      ---           ---           ---     
n=05:                                1.5082e+04    +9.8238e+03   -2.4496e-04  |      ---           ---           ---     
n=06:                                2.3721e+07    -1.6340e+05   +7.1301e-05  |      ---           ---           ---     
