--- multipoles on reference trajectory (rz > 0) ---
effective_length:                   152.38356013282257 mm
perpendicular_grid:                 41 points in [-12.000000,+12.000000] mm
max_fitting_error_normal            0.042/3423.243 G/G
max_fitting_error_skew              224.045/224.045 G/G
r0_for_relative_multipoles          17.5 mm
main_monomial                       n = 0, skew:False
                                       Nn(s=0)      Integ_Nn     Nn/N0(@r0)   |    Sn(s=0)      Integ_Sn     Sn/S0(@r0)  
<multipole_order n>                    [T/m^n]      [T.m/m^n]        []       |    [T/m^n]      [T.m/m^n]        []      
n=00:                                4.1217e-01    -6.2493e-02   +1.0000e+00  |      ---           ---           ---     
n=01:                                3.4592e-05    +3.0501e-02   -8.5412e-03  |      ---           ---           ---     
n=02:                                5.1431e-01    +8.4992e-01   -4.1651e-03  |      ---           ---           ---     
n=03:                                1.2355e+01    +1.8126e+00   -1.5545e-04  |      ---           ---           ---     
n=04:                                5.8759e+03    -1.6174e+02   +2.4274e-04  |      ---           ---           ---     
n=05:                                3.0997e+04    -1.1641e+04   +3.0573e-04  |      ---           ---           ---     
n=06:                                2.5497e+07    +1.3460e+06   -6.1863e-04  |      ---           ---           ---     
