--- multipoles on reference trajectory (rz > 0) ---
effective_length:                   -20.0 mm
perpendicular_grid:                 41 points in [-12.000000,+12.000000] mm
max_fitting_error_normal            0.058/3226.741 G/G
max_fitting_error_skew              235.684/235.684 G/G
r0_for_relative_multipoles          17.5 mm
main_monomial                       n = 0, skew:False
                                       Nn(s=0)      Integ_Nn     Nn/N0(@r0)   |    Sn(s=0)      Integ_Sn     Sn/S0(@r0)  
<multipole_order n>                    [T/m^n]      [T.m/m^n]        []       |    [T/m^n]      [T.m/m^n]        []      
n=00:                                4.3354e-01    -6.5588e-02   +1.0000e+00  |      ---           ---           ---     
n=01:                                2.2754e-05    +3.4615e-02   -9.2360e-03  |      ---           ---           ---     
n=02:                                9.5483e-02    +8.4732e-01   -3.9564e-03  |      ---           ---           ---     
n=03:                                4.6599e+01    -9.0681e-02   +7.4098e-06  |      ---           ---           ---     
n=04:                                1.9281e+03    +6.3992e+02   -9.1507e-04  |      ---           ---           ---     
n=05:                                1.6603e+05    -2.7082e+03   +6.7772e-05  |      ---           ---           ---     
n=06:                                1.0344e+07    -1.8515e+06   +8.1084e-04  |      ---           ---           ---     
