--- multipoles on reference trajectory (rz > 0) ---
effective_length:                   152.82927568517462 mm
perpendicular_grid:                 41 points in [-12.000000,+12.000000] mm
max_fitting_error_normal            0.103/3810.434 G/G
max_fitting_error_skew              283.829/283.829 G/G
r0_for_relative_multipoles          17.5 mm
main_monomial                       n = 0, skew:False
                                       Nn(s=0)      Integ_Nn     Nn/N0(@r0)   |    Sn(s=0)      Integ_Sn     Sn/S0(@r0)  
<multipole_order n>                    [T/m^n]      [T.m/m^n]        []       |    [T/m^n]      [T.m/m^n]        []      
n=00:                                5.1994e-01    -7.9062e-02   +1.0000e+00  |      ---           ---           ---     
n=01:                                3.9642e-03    +4.1525e-02   -9.1914e-03  |      ---           ---           ---     
n=02:                                3.3482e-01    +1.0631e+00   -4.1179e-03  |      ---           ---           ---     
n=03:                                3.1085e+01    -1.6336e+00   +1.1074e-04  |      ---           ---           ---     
n=04:                                5.2409e+03    -7.0260e+01   +8.3347e-05  |      ---           ---           ---     
n=05:                                1.7305e+05    -4.2772e+03   +8.8792e-05  |      ---           ---           ---     
n=06:                                2.8754e+07    +1.3046e+06   -4.7396e-04  |      ---           ---           ---     
