--- multipoles on reference trajectory (rz > 0) ---
effective_length:                   152.41054661700457 mm
perpendicular_grid:                 41 points in [-12.000000,+12.000000] mm
max_fitting_error_normal            0.020/959.842 G/G
max_fitting_error_skew              71.681/71.681 G/G
r0_for_relative_multipoles          17.5 mm
main_monomial                       n = 0, skew:False
                                       Nn(s=0)      Integ_Nn     Nn/N0(@r0)   |    Sn(s=0)      Integ_Sn     Sn/S0(@r0)  
<multipole_order n>                    [T/m^n]      [T.m/m^n]        []       |    [T/m^n]      [T.m/m^n]        []      
n=00:                                1.2976e-01    +1.9678e-02   +1.0000e+00  |      ---           ---           ---     
n=01:                                2.2359e-04    +1.0815e-02   +9.6182e-03  |      ---           ---           ---     
n=02:                                2.3159e-02    -2.6702e-01   -4.1556e-03  |      ---           ---           ---     
n=03:                                8.0593e+00    -1.1475e+00   -3.1252e-04  |      ---           ---           ---     
n=04:                                1.6551e+02    +3.5332e+01   +1.6840e-04  |      ---           ---           ---     
n=05:                                5.3686e+04    +3.4349e+03   +2.8650e-04  |      ---           ---           ---     
n=06:                                2.5875e+06    -2.8577e+05   -4.1713e-04  |      ---           ---           ---     
