--- multipoles on reference trajectory (rz > 0) ---
effective_length:                   151.48533882031137 mm
perpendicular_grid:                 41 points in [-12.000000,+12.000000] mm
max_fitting_error_normal            0.010/704.514 G/G
max_fitting_error_skew              48.279/48.279 G/G
r0_for_relative_multipoles          17.5 mm
main_monomial                       n = 0, skew:False
                                       Nn(s=0)      Integ_Nn     Nn/N0(@r0)   |    Sn(s=0)      Integ_Sn     Sn/S0(@r0)  
<multipole_order n>                    [T/m^n]      [T.m/m^n]        []       |    [T/m^n]      [T.m/m^n]        []      
n=00:                                8.6243e-02    -1.2999e-02   +1.0000e+00  |      ---           ---           ---     
n=01:                                3.5135e-04    +6.6595e-03   -8.9653e-03  |      ---           ---           ---     
n=02:                                8.9699e-03    +1.7393e-01   -4.0977e-03  |      ---           ---           ---     
n=03:                                3.5141e+00    -4.0924e-01   +1.6872e-04  |      ---           ---           ---     
n=04:                                1.0203e+03    +4.4267e+01   -3.1938e-04  |      ---           ---           ---     
n=05:                                2.3477e+04    +1.4540e+03   -1.8359e-04  |      ---           ---           ---     
n=06:                                4.1593e+06    -8.9459e+04   +1.9767e-04  |      ---           ---           ---     
