--- multipoles on reference trajectory (rz > 0) ---
effective_length:                   -20.0 mm
perpendicular_grid:                 41 points in [-12.000000,+12.000000] mm
max_fitting_error_normal            0.009/631.804 G/G
max_fitting_error_skew              48.278/48.278 G/G
r0_for_relative_multipoles          17.5 mm
main_monomial                       n = 0, skew:False
                                       Nn(s=0)      Integ_Nn     Nn/N0(@r0)   |    Sn(s=0)      Integ_Sn     Sn/S0(@r0)  
<multipole_order n>                    [T/m^n]      [T.m/m^n]        []       |    [T/m^n]      [T.m/m^n]        []      
n=00:                                8.6243e-02    -1.2991e-02   +1.0000e+00  |      ---           ---           ---     
n=01:                                3.5135e-04    +2.5527e-03   -3.4386e-03  |      ---           ---           ---     
n=02:                                8.9699e-03    +1.7416e-01   -4.1056e-03  |      ---           ---           ---     
n=03:                                3.5141e+00    +7.0372e-01   -2.9031e-04  |      ---           ---           ---     
n=04:                                1.0203e+03    +1.1553e+02   -8.3406e-04  |      ---           ---           ---     
n=05:                                2.3477e+04    -4.5707e+02   +5.7746e-05  |      ---           ---           ---     
n=06:                                4.1593e+06    -3.7863e+05   +8.3714e-04  |      ---           ---           ---     
