--- multipoles on reference trajectory (rz > 0) ---
effective_length:                   151.55300930356893 mm
perpendicular_grid:                 41 points in [-12.000000,+12.000000] mm
max_fitting_error_normal            0.018/1423.990 G/G
max_fitting_error_skew              95.919/95.919 G/G
r0_for_relative_multipoles          17.5 mm
main_monomial                       n = 0, skew:False
                                       Nn(s=0)      Integ_Nn     Nn/N0(@r0)   |    Sn(s=0)      Integ_Sn     Sn/S0(@r0)  
<multipole_order n>                    [T/m^n]      [T.m/m^n]        []       |    [T/m^n]      [T.m/m^n]        []      
n=00:                                1.7316e-01    -2.6111e-02   +1.0000e+00  |      ---           ---           ---     
n=01:                                1.4357e-03    +7.8654e-03   -5.2714e-03  |      ---           ---           ---     
n=02:                                1.3408e-01    +3.7059e-01   -4.3465e-03  |      ---           ---           ---     
n=03:                                1.6219e+01    -5.0458e-01   +1.0357e-04  |      ---           ---           ---     
n=04:                                9.1335e+02    -1.3000e+02   +4.6695e-04  |      ---           ---           ---     
n=05:                                8.1868e+04    +5.3589e+03   -3.3685e-04  |      ---           ---           ---     
n=06:                                3.0276e+06    +5.5999e+05   -6.1600e-04  |      ---           ---           ---     
