--- multipoles on reference trajectory (rz > 0) ---
effective_length:                   -19.999999999999996 mm
perpendicular_grid:                 41 points in [-12.000000,+12.000000] mm
max_fitting_error_normal            0.051/4289.814 G/G
max_fitting_error_skew              283.227/283.227 G/G
r0_for_relative_multipoles          17.5 mm
main_monomial                       n = 0, skew:False
                                       Nn(s=0)      Integ_Nn     Nn/N0(@r0)   |    Sn(s=0)      Integ_Sn     Sn/S0(@r0)  
<multipole_order n>                    [T/m^n]      [T.m/m^n]        []       |    [T/m^n]      [T.m/m^n]        []      
n=00:                                5.1994e-01    -7.8682e-02   +1.0000e+00  |      ---           ---           ---     
n=01:                                3.9642e-03    +4.8297e-02   -1.0742e-02  |      ---           ---           ---     
n=02:                                3.3482e-01    +1.0991e+00   -4.2780e-03  |      ---           ---           ---     
n=03:                                3.1085e+01    -4.9774e+00   +3.3903e-04  |      ---           ---           ---     
n=04:                                5.2409e+03    -4.0054e+02   +4.7744e-04  |      ---           ---           ---     
n=05:                                1.7305e+05    +6.1480e+03   -1.2825e-04  |      ---           ---           ---     
n=06:                                2.8754e+07    +2.7140e+06   -9.9075e-04  |      ---           ---           ---     
